[system] Try: hand shake
[system] spend time: 6, remain: 119994
[system] Success!: hand shake
[system] ================================
[system] turn: 0
359 347 335 323 311 299 287 275 263 251 239 249 261 259 247 235 223 211 223 235 247 259 271 283 295 307 319 331 343 355 
344 332 320 308 296 284 272 260 248 236 224 234 246 244 232 220 208 196 208 220 232 244 256 268 280 292 304 316 328 340 
329 317 305 293 281 269 257 245 233 221 209 219 231 229 217 205 193 181 193 205 217 229 241 253 265 277 289 301 313 325 
314 302 290 278 266 254 242 230 218 206 194 204 216 214 202 190 178 166 178 190 202 214 226 238 250 262 274 286 298 310 
299 287 275 263 251 239 227 215 203 191 179 189 201 199 187 175 163 151 163 175 187 199 211 223 235 247 259 271 283 295 
284 272 260 248 236 224 212 200 188 176 164 174 186 184 172 160 148 136 148 160 172 184 196 208 220 232 244 256 268 280 
269 257 245 233 221 209 197 185 173 161 149 159 171 169 157 145 133 121 133 145 157 169 181 193 205 217 229 241 253 265 
254 242 230 218 206 194 182 170 158 146 134 144 156 154 142 130 118 106 118 130 142 154 166 178 190 202 214 226 238 250 
239 227 215 203 191 179 167 155 143 131 119 129 141 139 127 115 103 91 103 115 127 139 151 163 175 187 199 211 223 235 
226 212 200 188 176 164 152 140 128 116 104 114 126 124 112 100 88 76 88 100 112 124 136 148 160 172 184 196 208 222 
217 203 191 179 167 155 143 131 119 107 95 105 117 115 103 91 79 67 79 91 103 115 127 139 151 163 175 187 199 213 
212 198 186 174 162 150 138 126 114 100 86 96 108 106 94 82 70 58 72 86 98 110 122 134 146 158 170 182 194 206 
0 0 0 0 0 0 0 0 0 0 77 87 99 97 85 73 61 49 63 0 0 0 0 0 0 0 0 0 0 0 
140 124 112 100 88 76 66 54 42 56 66 78 92 92 78 66 54 40 54 54 42 56 68 76 62 50 38 34 38 52 
0 998 1008 998 998 998 998 0 31 0 0 1000 0 0 0 1000 0 31 43 0 31 0 0 0 59 43 29 25 29 43 
0 0 1000 0 0 0 0 34 18 18 0 0 36 22 36 0 20 20 32 18 18 0 0 22 0 0 20 16 18 0 
13 0 0 11 0 11 0 0 9 7 9 0 0 11 0 0 9 9 0 9 7 7 7 9 0 0 9 7 7 9 
0 -2 -2 -2 -2 -2 -2 -2 -2 -2 -2 -2 -2 -2 -2 -2 -2 -2 -2 -2 -2 -2 -2 -2 -2 -2 -2 -2 -2 -2 
0 0 0 0 0 0 0 0 0 0 0 0 0 0 0 0 0 0 0 0 0 0 0 0 0 0 0 0 0 0 
-15 -15 -15 -15 -15 -15 -15 -15 -15 -15 -15 -15 -15 -15 -15 -15 -15 -15 -15 -15 -15 -15 -15 -15 -15 -15 -15 -15 -15 -15 
-30 -30 -30 -30 -30 -30 -30 -30 -30 -30 -30 -30 -30 -30 -30 -30 -30 -30 -30 -30 -30 -30 -30 -30 -30 -30 -30 -30 -30 -30 
-45 -45 -45 -45 -45 -45 -45 -45 -45 -45 -45 -45 -45 -45 -45 -45 -45 -45 -45 -45 -45 -45 -45 -45 -45 -45 -45 -45 -45 -45 
-60 -60 -60 -60 -60 -60 -60 -60 -60 -60 -60 -60 -60 -60 -60 -60 -60 -60 -60 -60 -60 -60 -60 -60 -60 -60 -60 -60 -60 -60 
-75 -75 -75 -75 -75 -75 -75 -75 -75 -75 -75 -75 -75 -75 -75 -75 -75 -75 -75 -75 -75 -75 -75 -75 -75 -75 -75 -75 -75 -75 
-90 -90 -90 -90 -90 -90 -90 -90 -90 -90 -90 -90 -90 -90 -90 -90 -90 -90 -90 -90 -90 -90 -90 -90 -90 -90 -90 -90 -90 -90 
-105 -105 -105 -105 -105 -105 -105 -105 -105 -105 -105 -105 -105 -105 -105 -105 -105 -105 -105 -105 -105 -105 -105 -105 -105 -105 -105 -105 -105 -105 
-120 -120 -120 -120 -120 -120 -120 -120 -120 -120 -120 -120 -120 -120 -120 -120 -120 -120 -120 -120 -120 -120 -120 -120 -120 -120 -120 -120 -120 -120 
-135 -135 -135 -135 -135 -135 -135 -135 -135 -135 -135 -135 -135 -135 -135 -135 -135 -135 -135 -135 -135 -135 -135 -135 -135 -135 -135 -135 -135 -135 
-150 -150 -150 -150 -150 -150 -150 -150 -150 -150 -150 -150 -150 -150 -150 -150 -150 -150 -150 -150 -150 -150 -150 -150 -150 -150 -150 -150 -150 -150 
-165 -165 -165 -165 -165 -165 -165 -165 -165 -165 -165 -165 -165 -165 -165 -165 -165 -165 -165 -165 -165 -165 -165 -165 -165 -165 -165 -165 -165 -165 
-180 -180 -180 -180 -180 -180 -180 -180 -180 -180 -180 -180 -180 -180 -180 -180 -180 -180 -180 -180 -180 -180 -180 -180 -180 -180 -180 -180 -180 -180 
-195 -195 -195 -195 -195 -195 -195 -195 -195 -195 -195 -195 -195 -195 -195 -195 -195 -195 -195 -195 -195 -195 -195 -195 -195 -195 -195 -195 -195 -195 
-210 -210 -210 -210 -210 -210 -210 -210 -210 -210 -210 -210 -210 -210 -210 -210 -210 -210 -210 -210 -210 -210 -210 -210 -210 -210 -210 -210 -210 -210 
-225 -225 -225 -225 -225 -225 -225 -225 -225 -225 -225 -225 -225 -225 -225 -225 -225 -225 -225 -225 -225 -225 -225 -225 -225 -225 -225 -225 -225 -225 
-240 -240 -240 -240 -240 -240 -240 -240 -240 -240 -240 -240 -240 -240 -240 -240 -240 -240 -240 -240 -240 -240 -240 -240 -240 -240 -240 -240 -240 -240 
-255 -255 -255 -255 -255 -255 -255 -255 -255 -255 -255 -255 -255 -255 -255 -255 -255 -255 -255 -255 -255 -255 -255 -255 -255 -255 -255 -255 -255 -255 
-270 -270 -270 -270 -270 -270 -270 -270 -270 -270 -270 -270 -270 -270 -270 -270 -270 -270 -270 -270 -270 -270 -270 -270 -270 -270 -270 -270 -270 -270 
-285 -285 -285 -285 -285 -285 -285 -285 -285 -285 -285 -285 -285 -285 -285 -285 -285 -285 -285 -285 -285 -285 -285 -285 -285 -285 -285 -285 -285 -285 
-300 -300 -300 -300 -300 -300 -300 -300 -300 -300 -300 -300 -300 -300 -300 -300 -300 -300 -300 -300 -300 -300 -300 -300 -300 -300 -300 -300 -300 -300 
-315 -315 -315 -315 -315 -315 -315 -315 -315 -315 -315 -315 -315 -315 -315 -315 -315 -315 -315 -315 -315 -315 -315 -315 -315 -315 -315 -315 -315 -315 
-330 -330 -330 -330 -330 -330 -330 -330 -330 -330 -330 -330 -330 -330 -330 -330 -330 -330 -330 -330 -330 -330 -330 -330 -330 -330 -330 -330 -330 -330 
-345 -345 -345 -345 -345 -345 -345 -345 -345 -345 -345 -345 -345 -345 -345 -345 -345 -345 -345 -345 -345 -345 -345 -345 -345 -345 -345 -345 -345 -345 
-360 -360 -360 -360 -360 -360 -360 -360 -360 -360 -360 -360 -360 -360 -360 -360 -360 -360 -360 -360 -360 -360 -360 -360 -360 -360 -360 -360 -360 -360 
-375 -375 -375 -375 -375 -375 -375 -375 -375 -375 -375 -375 -375 -375 -375 -375 -375 -375 -375 -375 -375 -375 -375 -375 -375 -375 -375 -375 -375 -375 
-390 -390 -390 -390 -390 -390 -390 -390 -390 -390 -390 -390 -390 -390 -390 -390 -390 -390 -390 -390 -390 -390 -390 -390 -390 -390 -390 -390 -390 -390 
-405 -405 -405 -405 -405 -405 -405 -405 -405 -405 -405 -405 -405 -405 -405 -405 -405 -405 -405 -405 -405 -405 -405 -405 -405 -405 -405 -405 -405 -405 
-420 -420 -420 -420 -420 -420 -420 -420 -420 -420 -420 -420 -420 -420 -420 -420 -420 -420 -420 -420 -420 -420 -420 -420 -420 -420 -420 -420 -420 -420 
-435 -435 -435 -435 -435 -435 -435 -435 -435 -435 -435 -435 -435 -435 -435 -435 -435 -435 -435 -435 -435 -435 -435 -435 -435 -435 -435 -435 -435 -435 
-450 -450 -450 -450 -450 -450 -450 -450 -450 -450 -450 -450 -450 -450 -450 -450 -450 -450 -450 -450 -450 -450 -450 -450 -450 -450 -450 -450 -450 -450 
-465 -465 -465 -465 -465 -465 -465 -465 -465 -465 -465 -465 -465 -465 -465 -465 -465 -465 -465 -465 -465 -465 -465 -465 -465 -465 -465 -465 -465 -465 
-480 -480 -480 -480 -480 -480 -480 -480 -480 -480 -480 -480 -480 -480 -480 -480 -480 -480 -480 -480 -480 -480 -480 -480 -480 -480 -480 -480 -480 -480 
-495 -495 -495 -495 -495 -495 -495 -495 -495 -495 -495 -495 -495 -495 -495 -495 -495 -495 -495 -495 -495 -495 -495 -495 -495 -495 -495 -495 -495 -495 
-510 -510 -510 -510 -510 -510 -510 -510 -510 -510 -510 -510 -510 -510 -510 -510 -510 -510 -510 -510 -510 -510 -510 -510 -510 -510 -510 -510 -510 -510 
-525 -525 -525 -525 -525 -525 -525 -525 -525 -525 -525 -525 -525 -525 -525 -525 -525 -525 -525 -525 -525 -525 -525 -525 -525 -525 -525 -525 -525 -525 
-540 -540 -540 -540 -540 -540 -540 -540 -540 -540 -540 -540 -540 -540 -540 -540 -540 -540 -540 -540 -540 -540 -540 -540 -540 -540 -540 -540 -540 -540 
-555 -555 -555 -555 -555 -555 -555 -555 -555 -555 -555 -555 -555 -555 -555 -555 -555 -555 -555 -555 -555 -555 -555 -555 -555 -555 -555 -555 -555 -555 
-570 -570 -570 -570 -570 -570 -570 -570 -570 -570 -570 -570 -570 -570 -570 -570 -570 -570 -570 -570 -570 -570 -570 -570 -570 -570 -570 -570 -570 -570 
-585 -585 -585 -585 -585 -585 -585 -585 -585 -585 -585 -585 -585 -585 -585 -585 -585 -585 -585 -585 -585 -585 -585 -585 -585 -585 -585 -585 -585 -585 
-600 -600 -600 -600 -600 -600 -600 -600 -600 -600 -600 -600 -600 -600 -600 -600 -600 -600 -600 -600 -600 -600 -600 -600 -600 -600 -600 -600 -600 -600 
-615 -615 -615 -615 -615 -615 -615 -615 -615 -615 -615 -615 -615 -615 -615 -615 -615 -615 -615 -615 -615 -615 -615 -615 -615 -615 -615 -615 -615 -615 
-630 -630 -630 -630 -630 -630 -630 -630 -630 -630 -630 -630 -630 -630 -630 -630 -630 -630 -630 -630 -630 -630 -630 -630 -630 -630 -630 -630 -630 -630 
-645 -645 -645 -645 -645 -645 -645 -645 -645 -645 -645 -645 -645 -645 -645 -645 -645 -645 -645 -645 -645 -645 -645 -645 -645 -645 -645 -645 -645 -645 
-660 -660 -660 -660 -660 -660 -660 -660 -660 -660 -660 -660 -660 -660 -660 -660 -660 -660 -660 -660 -660 -660 -660 -660 -660 -660 -660 -660 -660 -660 
-675 -675 -675 -675 -675 -675 -675 -675 -675 -675 -675 -675 -675 -675 -675 -675 -675 -675 -675 -675 -675 -675 -675 -675 -675 -675 -675 -675 -675 -675 
-690 -690 -690 -690 -690 -690 -690 -690 -690 -690 -690 -690 -690 -690 -690 -690 -690 -690 -690 -690 -690 -690 -690 -690 -690 -690 -690 -690 -690 -690 
-705 -705 -705 -705 -705 -705 -705 -705 -705 -705 -705 -705 -705 -705 -705 -705 -705 -705 -705 -705 -705 -705 -705 -705 -705 -705 -705 -705 -705 -705 
-720 -720 -720 -720 -720 -720 -720 -720 -720 -720 -720 -720 -720 -720 -720 -720 -720 -720 -720 -720 -720 -720 -720 -720 -720 -720 -720 -720 -720 -720 
-735 -735 -735 -735 -735 -735 -735 -735 -735 -735 -735 -735 -735 -735 -735 -735 -735 -735 -735 -735 -735 -735 -735 -735 -735 -735 -735 -735 -735 -735 
-750 -750 -750 -750 -750 -750 -750 -750 -750 -750 -750 -750 -750 -750 -750 -750 -750 -750 -750 -750 -750 -750 -750 -750 -750 -750 -750 -750 -750 -750 
-765 -765 -765 -765 -765 -765 -765 -765 -765 -765 -765 -765 -765 -765 -765 -765 -765 -765 -765 -765 -765 -765 -765 -765 -765 -765 -765 -765 -765 -765 
-780 -780 -780 -780 -780 -780 -780 -780 -780 -780 -780 -780 -780 -780 -780 -780 -780 -780 -780 -780 -780 -780 -780 -780 -780 -780 -780 -780 -780 -780 
-795 -795 -795 -795 -795 -795 -795 -795 -795 -795 -795 -795 -795 -795 -795 -795 -795 -795 -795 -795 -795 -795 -795 -795 -795 -795 -795 -795 -795 -795 
-810 -810 -810 -810 -810 -810 -810 -810 -810 -810 -810 -810 -810 -810 -810 -810 -810 -810 -810 -810 -810 -810 -810 -810 -810 -810 -810 -810 -810 -810 
-825 -825 -825 -825 -825 -825 -825 -825 -825 -825 -825 -825 -825 -825 -825 -825 -825 -825 -825 -825 -825 -825 -825 -825 -825 -825 -825 -825 -825 -825 
-840 -840 -840 -840 -840 -840 -840 -840 -840 -840 -840 -840 -840 -840 -840 -840 -840 -840 -840 -840 -840 -840 -840 -840 -840 -840 -840 -840 -840 -840 
-855 -855 -855 -855 -855 -855 -855 -855 -855 -855 -855 -855 -855 -855 -855 -855 -855 -855 -855 -855 -855 -855 -855 -855 -855 -855 -855 -855 -855 -855 
-870 -870 -870 -870 -870 -870 -870 -870 -870 -870 -870 -870 -870 -870 -870 -870 -870 -870 -870 -870 -870 -870 -870 -870 -870 -870 -870 -870 -870 -870 
-885 -885 -885 -885 -885 -885 -885 -885 -885 -885 -885 -885 -885 -885 -885 -885 -885 -885 -885 -885 -885 -885 -885 -885 -885 -885 -885 -885 -885 -885 
-900 -900 -900 -900 -900 -900 -900 -900 -900 -900 -900 -900 -900 -900 -900 -900 -900 -900 -900 -900 -900 -900 -900 -900 -900 -900 -900 -900 -900 -900 
-915 -915 -915 -915 -915 -915 -915 -915 -915 -915 -915 -915 -915 -915 -915 -915 -915 -915 -915 -915 -915 -915 -915 -915 -915 -915 -915 -915 -915 -915 
-930 -930 -930 -930 -930 -930 -930 -930 -930 -930 -930 -930 -930 -930 -930 -930 -930 -930 -930 -930 -930 -930 -930 -930 -930 -930 -930 -930 -930 -930 
-945 -945 -945 -945 -945 -945 -945 -945 -945 -945 -945 -945 -945 -945 -945 -945 -945 -945 -945 -945 -945 -945 -945 -945 -945 -945 -945 -945 -945 -945 
-960 -960 -960 -960 -960 -960 -960 -960 -960 -960 -960 -960 -960 -960 -960 -960 -960 -960 -960 -960 -960 -960 -960 -960 -960 -960 -960 -960 -960 -960 
-975 -975 -975 -975 -975 -975 -975 -975 -975 -975 -975 -975 -975 -975 -975 -975 -975 -975 -975 -975 -975 -975 -975 -975 -975 -975 -975 -975 -975 -975 
-990 -990 -990 -990 -990 -990 -990 -990 -990 -990 -990 -990 -990 -990 -990 -990 -990 -990 -990 -990 -990 -990 -990 -990 -990 -990 -990 -990 -990 -990 
-1005 -1005 -1005 -1005 -1005 -1005 -1005 -1005 -1005 -1005 -1005 -1005 -1005 -1005 -1005 -1005 -1005 -1005 -1005 -1005 -1005 -1005 -1005 -1005 -1005 -1005 -1005 -1005 -1005 -1005 
[system] spend time: 209, remain: 119791
[system] ================================
[system] turn: 1
368 356 344 332 320 308 296 284 272 260 248 258 270 270 258 246 234 222 234 246 258 270 282 294 306 318 330 342 354 366 
353 341 329 317 305 293 281 269 257 245 233 243 255 255 243 231 219 207 219 231 243 255 267 279 291 303 315 327 339 351 
338 326 314 302 290 278 266 254 242 230 218 228 240 240 228 216 204 192 204 216 228 240 252 264 276 288 300 312 324 336 
323 311 299 287 275 263 251 239 227 215 203 213 225 225 213 201 189 177 189 201 213 225 237 249 261 273 285 297 309 321 
308 296 284 272 260 248 236 224 212 200 188 198 210 210 198 186 174 162 174 186 198 210 222 234 246 258 270 282 294 306 
293 281 269 257 245 233 221 209 197 185 173 183 195 195 183 171 159 147 159 171 183 195 207 219 231 243 255 267 279 291 
278 266 254 242 230 218 206 194 182 170 158 168 180 180 168 156 144 132 144 156 168 180 192 204 216 228 240 252 264 276 
263 251 239 227 215 203 191 179 167 155 143 153 165 165 153 141 129 117 129 141 153 165 177 189 201 213 225 237 249 261 
248 236 224 212 200 188 176 164 152 140 128 138 150 150 138 126 114 102 114 126 138 150 162 174 186 198 210 222 234 246 
235 221 209 197 185 173 161 149 137 125 113 123 135 135 123 111 99 87 99 111 123 135 147 159 171 183 195 207 219 233 
226 212 200 188 176 164 152 140 128 116 104 114 126 126 114 102 90 78 90 102 114 126 138 150 162 174 186 198 210 224 
221 207 195 183 171 159 147 135 123 109 95 105 117 117 105 93 81 69 83 97 109 121 133 145 157 169 181 193 205 217 
0 0 0 0 0 0 0 0 0 0 86 96 108 108 96 84 72 60 74 0 0 0 0 0 0 0 0 0 0 0 
149 133 121 109 97 85 75 63 51 65 75 87 101 103 89 77 65 51 65 63 51 65 77 87 73 61 49 57 49 63 
0 998 1008 998 998 998 998 0 40 0 0 1000 0 0 0 1000 0 42 54 0 40 0 0 0 70 54 40 48 40 54 
0 0 1000 0 0 0 0 43 27 29 0 0 45 31 45 0 29 31 43 29 27 0 0 31 0 0 31 39 29 0 
24 0 0 20 0 20 0 0 18 18 32 0 0 20 0 0 18 20 0 20 16 16 16 18 0 0 20 30 18 20 
11 7 7 7 7 7 7 7 7 9 21 9 7 7 7 7 7 9 21 9 7 7 7 7 7 7 9 21 9 9 
0 -2 -2 -2 -2 -2 -2 -2 -2 -2 0 0 -2 -2 -2 -2 -2 -2 0 0 -2 -2 -2 -2 -2 -2 -2 0 0 -2 
0 0 0 0 0 0 0 0 0 0 0 0 0 0 0 0 0 0 0 0 0 0 0 0 0 0 0 0 0 0 
-15 -15 -15 -15 -15 -15 -15 -15 -15 -15 -15 -15 -15 -15 -15 -15 -15 -15 -15 -15 -15 -15 -15 -15 -15 -15 -15 -15 -15 -15 
-30 -30 -30 -30 -30 -30 -30 -30 -30 -30 -30 -30 -30 -30 -30 -30 -30 -30 -30 -30 -30 -30 -30 -30 -30 -30 -30 -30 -30 -30 
-45 -45 -45 -45 -45 -45 -45 -45 -45 -45 -45 -45 -45 -45 -45 -45 -45 -45 -45 -45 -45 -45 -45 -45 -45 -45 -45 -45 -45 -45 
-60 -60 -60 -60 -60 -60 -60 -60 -60 -60 -60 -60 -60 -60 -60 -60 -60 -60 -60 -60 -60 -60 -60 -60 -60 -60 -60 -60 -60 -60 
-75 -75 -75 -75 -75 -75 -75 -75 -75 -75 -75 -75 -75 -75 -75 -75 -75 -75 -75 -75 -75 -75 -75 -75 -75 -75 -75 -75 -75 -75 
-90 -90 -90 -90 -90 -90 -90 -90 -90 -90 -90 -90 -90 -90 -90 -90 -90 -90 -90 -90 -90 -90 -90 -90 -90 -90 -90 -90 -90 -90 
-105 -105 -105 -105 -105 -105 -105 -105 -105 -105 -105 -105 -105 -105 -105 -105 -105 -105 -105 -105 -105 -105 -105 -105 -105 -105 -105 -105 -105 -105 
-120 -120 -120 -120 -120 -120 -120 -120 -120 -120 -120 -120 -120 -120 -120 -120 -120 -120 -120 -120 -120 -120 -120 -120 -120 -120 -120 -120 -120 -120 
-135 -135 -135 -135 -135 -135 -135 -135 -135 -135 -135 -135 -135 -135 -135 -135 -135 -135 -135 -135 -135 -135 -135 -135 -135 -135 -135 -135 -135 -135 
-150 -150 -150 -150 -150 -150 -150 -150 -150 -150 -150 -150 -150 -150 -150 -150 -150 -150 -150 -150 -150 -150 -150 -150 -150 -150 -150 -150 -150 -150 
-165 -165 -165 -165 -165 -165 -165 -165 -165 -165 -165 -165 -165 -165 -165 -165 -165 -165 -165 -165 -165 -165 -165 -165 -165 -165 -165 -165 -165 -165 
-180 -180 -180 -180 -180 -180 -180 -180 -180 -180 -180 -180 -180 -180 -180 -180 -180 -180 -180 -180 -180 -180 -180 -180 -180 -180 -180 -180 -180 -180 
-195 -195 -195 -195 -195 -195 -195 -195 -195 -195 -195 -195 -195 -195 -195 -195 -195 -195 -195 -195 -195 -195 -195 -195 -195 -195 -195 -195 -195 -195 
-210 -210 -210 -210 -210 -210 -210 -210 -210 -210 -210 -210 -210 -210 -210 -210 -210 -210 -210 -210 -210 -210 -210 -210 -210 -210 -210 -210 -210 -210 
-225 -225 -225 -225 -225 -225 -225 -225 -225 -225 -225 -225 -225 -225 -225 -225 -225 -225 -225 -225 -225 -225 -225 -225 -225 -225 -225 -225 -225 -225 
-240 -240 -240 -240 -240 -240 -240 -240 -240 -240 -240 -240 -240 -240 -240 -240 -240 -240 -240 -240 -240 -240 -240 -240 -240 -240 -240 -240 -240 -240 
-255 -255 -255 -255 -255 -255 -255 -255 -255 -255 -255 -255 -255 -255 -255 -255 -255 -255 -255 -255 -255 -255 -255 -255 -255 -255 -255 -255 -255 -255 
-270 -270 -270 -270 -270 -270 -270 -270 -270 -270 -270 -270 -270 -270 -270 -270 -270 -270 -270 -270 -270 -270 -270 -270 -270 -270 -270 -270 -270 -270 
-285 -285 -285 -285 -285 -285 -285 -285 -285 -285 -285 -285 -285 -285 -285 -285 -285 -285 -285 -285 -285 -285 -285 -285 -285 -285 -285 -285 -285 -285 
-300 -300 -300 -300 -300 -300 -300 -300 -300 -300 -300 -300 -300 -300 -300 -300 -300 -300 -300 -300 -300 -300 -300 -300 -300 -300 -300 -300 -300 -300 
-315 -315 -315 -315 -315 -315 -315 -315 -315 -315 -315 -315 -315 -315 -315 -315 -315 -315 -315 -315 -315 -315 -315 -315 -315 -315 -315 -315 -315 -315 
-330 -330 -330 -330 -330 -330 -330 -330 -330 -330 -330 -330 -330 -330 -330 -330 -330 -330 -330 -330 -330 -330 -330 -330 -330 -330 -330 -330 -330 -330 
-345 -345 -345 -345 -345 -345 -345 -345 -345 -345 -345 -345 -345 -345 -345 -345 -345 -345 -345 -345 -345 -345 -345 -345 -345 -345 -345 -345 -345 -345 
-360 -360 -360 -360 -360 -360 -360 -360 -360 -360 -360 -360 -360 -360 -360 -360 -360 -360 -360 -360 -360 -360 -360 -360 -360 -360 -360 -360 -360 -360 
-375 -375 -375 -375 -375 -375 -375 -375 -375 -375 -375 -375 -375 -375 -375 -375 -375 -375 -375 -375 -375 -375 -375 -375 -375 -375 -375 -375 -375 -375 
-390 -390 -390 -390 -390 -390 -390 -390 -390 -390 -390 -390 -390 -390 -390 -390 -390 -390 -390 -390 -390 -390 -390 -390 -390 -390 -390 -390 -390 -390 
-405 -405 -405 -405 -405 -405 -405 -405 -405 -405 -405 -405 -405 -405 -405 -405 -405 -405 -405 -405 -405 -405 -405 -405 -405 -405 -405 -405 -405 -405 
-420 -420 -420 -420 -420 -420 -420 -420 -420 -420 -420 -420 -420 -420 -420 -420 -420 -420 -420 -420 -420 -420 -420 -420 -420 -420 -420 -420 -420 -420 
-435 -435 -435 -435 -435 -435 -435 -435 -435 -435 -435 -435 -435 -435 -435 -435 -435 -435 -435 -435 -435 -435 -435 -435 -435 -435 -435 -435 -435 -435 
-450 -450 -450 -450 -450 -450 -450 -450 -450 -450 -450 -450 -450 -450 -450 -450 -450 -450 -450 -450 -450 -450 -450 -450 -450 -450 -450 -450 -450 -450 
-465 -465 -465 -465 -465 -465 -465 -465 -465 -465 -465 -465 -465 -465 -465 -465 -465 -465 -465 -465 -465 -465 -465 -465 -465 -465 -465 -465 -465 -465 
-480 -480 -480 -480 -480 -480 -480 -480 -480 -480 -480 -480 -480 -480 -480 -480 -480 -480 -480 -480 -480 -480 -480 -480 -480 -480 -480 -480 -480 -480 
-495 -495 -495 -495 -495 -495 -495 -495 -495 -495 -495 -495 -495 -495 -495 -495 -495 -495 -495 -495 -495 -495 -495 -495 -495 -495 -495 -495 -495 -495 
-510 -510 -510 -510 -510 -510 -510 -510 -510 -510 -510 -510 -510 -510 -510 -510 -510 -510 -510 -510 -510 -510 -510 -510 -510 -510 -510 -510 -510 -510 
-525 -525 -525 -525 -525 -525 -525 -525 -525 -525 -525 -525 -525 -525 -525 -525 -525 -525 -525 -525 -525 -525 -525 -525 -525 -525 -525 -525 -525 -525 
-540 -540 -540 -540 -540 -540 -540 -540 -540 -540 -540 -540 -540 -540 -540 -540 -540 -540 -540 -540 -540 -540 -540 -540 -540 -540 -540 -540 -540 -540 
-555 -555 -555 -555 -555 -555 -555 -555 -555 -555 -555 -555 -555 -555 -555 -555 -555 -555 -555 -555 -555 -555 -555 -555 -555 -555 -555 -555 -555 -555 
-570 -570 -570 -570 -570 -570 -570 -570 -570 -570 -570 -570 -570 -570 -570 -570 -570 -570 -570 -570 -570 -570 -570 -570 -570 -570 -570 -570 -570 -570 
-585 -585 -585 -585 -585 -585 -585 -585 -585 -585 -585 -585 -585 -585 -585 -585 -585 -585 -585 -585 -585 -585 -585 -585 -585 -585 -585 -585 -585 -585 
-600 -600 -600 -600 -600 -600 -600 -600 -600 -600 -600 -600 -600 -600 -600 -600 -600 -600 -600 -600 -600 -600 -600 -600 -600 -600 -600 -600 -600 -600 
-615 -615 -615 -615 -615 -615 -615 -615 -615 -615 -615 -615 -615 -615 -615 -615 -615 -615 -615 -615 -615 -615 -615 -615 -615 -615 -615 -615 -615 -615 
-630 -630 -630 -630 -630 -630 -630 -630 -630 -630 -630 -630 -630 -630 -630 -630 -630 -630 -630 -630 -630 -630 -630 -630 -630 -630 -630 -630 -630 -630 
-645 -645 -645 -645 -645 -645 -645 -645 -645 -645 -645 -645 -645 -645 -645 -645 -645 -645 -645 -645 -645 -645 -645 -645 -645 -645 -645 -645 -645 -645 
-660 -660 -660 -660 -660 -660 -660 -660 -660 -660 -660 -660 -660 -660 -660 -660 -660 -660 -660 -660 -660 -660 -660 -660 -660 -660 -660 -660 -660 -660 
-675 -675 -675 -675 -675 -675 -675 -675 -675 -675 -675 -675 -675 -675 -675 -675 -675 -675 -675 -675 -675 -675 -675 -675 -675 -675 -675 -675 -675 -675 
-690 -690 -690 -690 -690 -690 -690 -690 -690 -690 -690 -690 -690 -690 -690 -690 -690 -690 -690 -690 -690 -690 -690 -690 -690 -690 -690 -690 -690 -690 
-705 -705 -705 -705 -705 -705 -705 -705 -705 -705 -705 -705 -705 -705 -705 -705 -705 -705 -705 -705 -705 -705 -705 -705 -705 -705 -705 -705 -705 -705 
-720 -720 -720 -720 -720 -720 -720 -720 -720 -720 -720 -720 -720 -720 -720 -720 -720 -720 -720 -720 -720 -720 -720 -720 -720 -720 -720 -720 -720 -720 
-735 -735 -735 -735 -735 -735 -735 -735 -735 -735 -735 -735 -735 -735 -735 -735 -735 -735 -735 -735 -735 -735 -735 -735 -735 -735 -735 -735 -735 -735 
-750 -750 -750 -750 -750 -750 -750 -750 -750 -750 -750 -750 -750 -750 -750 -750 -750 -750 -750 -750 -750 -750 -750 -750 -750 -750 -750 -750 -750 -750 
-765 -765 -765 -765 -765 -765 -765 -765 -765 -765 -765 -765 -765 -765 -765 -765 -765 -765 -765 -765 -765 -765 -765 -765 -765 -765 -765 -765 -765 -765 
-780 -780 -780 -780 -780 -780 -780 -780 -780 -780 -780 -780 -780 -780 -780 -780 -780 -780 -780 -780 -780 -780 -780 -780 -780 -780 -780 -780 -780 -780 
-795 -795 -795 -795 -795 -795 -795 -795 -795 -795 -795 -795 -795 -795 -795 -795 -795 -795 -795 -795 -795 -795 -795 -795 -795 -795 -795 -795 -795 -795 
-810 -810 -810 -810 -810 -810 -810 -810 -810 -810 -810 -810 -810 -810 -810 -810 -810 -810 -810 -810 -810 -810 -810 -810 -810 -810 -810 -810 -810 -810 
-825 -825 -825 -825 -825 -825 -825 -825 -825 -825 -825 -825 -825 -825 -825 -825 -825 -825 -825 -825 -825 -825 -825 -825 -825 -825 -825 -825 -825 -825 
-840 -840 -840 -840 -840 -840 -840 -840 -840 -840 -840 -840 -840 -840 -840 -840 -840 -840 -840 -840 -840 -840 -840 -840 -840 -840 -840 -840 -840 -840 
-855 -855 -855 -855 -855 -855 -855 -855 -855 -855 -855 -855 -855 -855 -855 -855 -855 -855 -855 -855 -855 -855 -855 -855 -855 -855 -855 -855 -855 -855 
-870 -870 -870 -870 -870 -870 -870 -870 -870 -870 -870 -870 -870 -870 -870 -870 -870 -870 -870 -870 -870 -870 -870 -870 -870 -870 -870 -870 -870 -870 
-885 -885 -885 -885 -885 -885 -885 -885 -885 -885 -885 -885 -885 -885 -885 -885 -885 -885 -885 -885 -885 -885 -885 -885 -885 -885 -885 -885 -885 -885 
-900 -900 -900 -900 -900 -900 -900 -900 -900 -900 -900 -900 -900 -900 -900 -900 -900 -900 -900 -900 -900 -900 -900 -900 -900 -900 -900 -900 -900 -900 
-915 -915 -915 -915 -915 -915 -915 -915 -915 -915 -915 -915 -915 -915 -915 -915 -915 -915 -915 -915 -915 -915 -915 -915 -915 -915 -915 -915 -915 -915 
-930 -930 -930 -930 -930 -930 -930 -930 -930 -930 -930 -930 -930 -930 -930 -930 -930 -930 -930 -930 -930 -930 -930 -930 -930 -930 -930 -930 -930 -930 
-945 -945 -945 -945 -945 -945 -945 -945 -945 -945 -945 -945 -945 -945 -945 -945 -945 -945 -945 -945 -945 -945 -945 -945 -945 -945 -945 -945 -945 -945 
-960 -960 -960 -960 -960 -960 -960 -960 -960 -960 -960 -960 -960 -960 -960 -960 -960 -960 -960 -960 -960 -960 -960 -960 -960 -960 -960 -960 -960 -960 
-975 -975 -975 -975 -975 -975 -975 -975 -975 -975 -975 -975 -975 -975 -975 -975 -975 -975 -975 -975 -975 -975 -975 -975 -975 -975 -975 -975 -975 -975 
-990 -990 -990 -990 -990 -990 -990 -990 -990 -990 -990 -990 -990 -990 -990 -990 -990 -990 -990 -990 -990 -990 -990 -990 -990 -990 -990 -990 -990 -990 
[system] spend time: 510, remain: 119072
[system] ================================
[system] turn: 2
377 365 353 341 329 317 305 293 281 269 257 267 279 281 269 257 245 233 245 257 269 281 293 305 317 329 341 353 365 377 
362 350 338 326 314 302 290 278 266 254 242 252 264 266 254 242 230 218 230 242 254 266 278 290 302 314 326 338 350 362 
347 335 323 311 299 287 275 263 251 239 227 237 249 251 239 227 215 203 215 227 239 251 263 275 287 299 311 323 335 347 
332 320 308 296 284 272 260 248 236 224 212 222 234 236 224 212 200 188 200 212 224 236 248 260 272 284 296 308 320 332 
317 305 293 281 269 257 245 233 221 209 197 207 219 221 209 197 185 173 185 197 209 221 233 245 257 269 281 293 305 317 
302 290 278 266 254 242 230 218 206 194 182 192 204 206 194 182 170 158 170 182 194 206 218 230 242 254 266 278 290 302 
287 275 263 251 239 227 215 203 191 179 167 177 189 191 179 167 155 143 155 167 179 191 203 215 227 239 251 263 275 287 
272 260 248 236 224 212 200 188 176 164 152 162 174 176 164 152 140 128 140 152 164 176 188 200 212 224 236 248 260 272 
257 245 233 221 209 197 185 173 161 149 137 147 159 161 149 137 125 113 125 137 149 161 173 185 197 209 221 233 245 257 
244 230 218 206 194 182 170 158 146 134 122 132 144 146 134 122 110 98 110 122 134 146 158 170 182 194 206 218 230 244 
235 221 209 197 185 173 161 149 137 125 113 123 135 137 125 113 101 89 101 113 125 137 149 161 173 185 197 209 221 235 
230 216 204 192 180 168 156 144 132 118 104 114 126 128 116 104 92 80 94 108 120 132 144 156 168 180 192 204 216 228 
0 0 0 0 0 0 0 0 0 0 95 105 117 119 107 95 83 71 85 0 0 0 0 0 0 0 0 0 0 0 
158 142 130 118 106 94 84 72 60 74 84 96 110 114 100 88 76 62 74 72 60 74 86 96 84 72 60 66 58 72 
0 998 1008 998 998 998 998 0 49 0 0 1000 0 0 0 1000 0 53 63 0 49 0 0 0 81 65 51 57 49 63 
0 0 1000 0 0 0 0 52 36 40 0 0 54 40 54 0 38 42 52 38 36 0 0 40 0 0 42 48 38 0 
35 0 0 29 0 29 0 0 27 29 43 0 0 29 0 0 27 31 0 29 25 25 25 27 0 0 31 39 27 31 
22 16 16 16 16 16 16 16 16 20 32 18 16 16 16 16 16 20 32 18 16 16 16 16 16 16 20 32 18 20 
11 7 7 7 7 7 7 7 7 9 0 9 7 7 7 7 7 9 0 9 7 7 7 7 7 7 9 0 9 9 
0 -2 -2 -2 -2 -2 -2 -2 -2 -2 -2 -2 -2 -2 -2 -2 -2 -2 -2 -2 -2 -2 -2 -2 -2 -2 -2 -2 -2 -2 
0 0 0 0 0 0 0 0 0 0 0 0 0 0 0 0 0 0 0 0 0 0 0 0 0 0 0 0 0 0 
-15 -15 -15 -15 -15 -15 -15 -15 -15 -15 -15 -15 -15 -15 -15 -15 -15 -15 -15 -15 -15 -15 -15 -15 -15 -15 -15 -15 -15 -15 
-30 -30 -30 -30 -30 -30 -30 -30 -30 -30 -30 -30 -30 -30 -30 -30 -30 -30 -30 -30 -30 -30 -30 -30 -30 -30 -30 -30 -30 -30 
-45 -45 -45 -45 -45 -45 -45 -45 -45 -45 -45 -45 -45 -45 -45 -45 -45 -45 -45 -45 -45 -45 -45 -45 -45 -45 -45 -45 -45 -45 
-60 -60 -60 -60 -60 -60 -60 -60 -60 -60 -60 -60 -60 -60 -60 -60 -60 -60 -60 -60 -60 -60 -60 -60 -60 -60 -60 -60 -60 -60 
-75 -75 -75 -75 -75 -75 -75 -75 -75 -75 -75 -75 -75 -75 -75 -75 -75 -75 -75 -75 -75 -75 -75 -75 -75 -75 -75 -75 -75 -75 
-90 -90 -90 -90 -90 -90 -90 -90 -90 -90 -90 -90 -90 -90 -90 -90 -90 -90 -90 -90 -90 -90 -90 -90 -90 -90 -90 -90 -90 -90 
-105 -105 -105 -105 -105 -105 -105 -105 -105 -105 -105 -105 -105 -105 -105 -105 -105 -105 -105 -105 -105 -105 -105 -105 -105 -105 -105 -105 -105 -105 
-120 -120 -120 -120 -120 -120 -120 -120 -120 -120 -120 -120 -120 -120 -120 -120 -120 -120 -120 -120 -120 -120 -120 -120 -120 -120 -120 -120 -120 -120 
-135 -135 -135 -135 -135 -135 -135 -135 -135 -135 -135 -135 -135 -135 -135 -135 -135 -135 -135 -135 -135 -135 -135 -135 -135 -135 -135 -135 -135 -135 
-150 -150 -150 -150 -150 -150 -150 -150 -150 -150 -150 -150 -150 -150 -150 -150 -150 -150 -150 -150 -150 -150 -150 -150 -150 -150 -150 -150 -150 -150 
-165 -165 -165 -165 -165 -165 -165 -165 -165 -165 -165 -165 -165 -165 -165 -165 -165 -165 -165 -165 -165 -165 -165 -165 -165 -165 -165 -165 -165 -165 
-180 -180 -180 -180 -180 -180 -180 -180 -180 -180 -180 -180 -180 -180 -180 -180 -180 -180 -180 -180 -180 -180 -180 -180 -180 -180 -180 -180 -180 -180 
-195 -195 -195 -195 -195 -195 -195 -195 -195 -195 -195 -195 -195 -195 -195 -195 -195 -195 -195 -195 -195 -195 -195 -195 -195 -195 -195 -195 -195 -195 
-210 -210 -210 -210 -210 -210 -210 -210 -210 -210 -210 -210 -210 -210 -210 -210 -210 -210 -210 -210 -210 -210 -210 -210 -210 -210 -210 -210 -210 -210 
-225 -225 -225 -225 -225 -225 -225 -225 -225 -225 -225 -225 -225 -225 -225 -225 -225 -225 -225 -225 -225 -225 -225 -225 -225 -225 -225 -225 -225 -225 
-240 -240 -240 -240 -240 -240 -240 -240 -240 -240 -240 -240 -240 -240 -240 -240 -240 -240 -240 -240 -240 -240 -240 -240 -240 -240 -240 -240 -240 -240 
-255 -255 -255 -255 -255 -255 -255 -255 -255 -255 -255 -255 -255 -255 -255 -255 -255 -255 -255 -255 -255 -255 -255 -255 -255 -255 -255 -255 -255 -255 
-270 -270 -270 -270 -270 -270 -270 -270 -270 -270 -270 -270 -270 -270 -270 -270 -270 -270 -270 -270 -270 -270 -270 -270 -270 -270 -270 -270 -270 -270 
-285 -285 -285 -285 -285 -285 -285 -285 -285 -285 -285 -285 -285 -285 -285 -285 -285 -285 -285 -285 -285 -285 -285 -285 -285 -285 -285 -285 -285 -285 
-300 -300 -300 -300 -300 -300 -300 -300 -300 -300 -300 -300 -300 -300 -300 -300 -300 -300 -300 -300 -300 -300 -300 -300 -300 -300 -300 -300 -300 -300 
-315 -315 -315 -315 -315 -315 -315 -315 -315 -315 -315 -315 -315 -315 -315 -315 -315 -315 -315 -315 -315 -315 -315 -315 -315 -315 -315 -315 -315 -315 
-330 -330 -330 -330 -330 -330 -330 -330 -330 -330 -330 -330 -330 -330 -330 -330 -330 -330 -330 -330 -330 -330 -330 -330 -330 -330 -330 -330 -330 -330 
-345 -345 -345 -345 -345 -345 -345 -345 -345 -345 -345 -345 -345 -345 -345 -345 -345 -345 -345 -345 -345 -345 -345 -345 -345 -345 -345 -345 -345 -345 
-360 -360 -360 -360 -360 -360 -360 -360 -360 -360 -360 -360 -360 -360 -360 -360 -360 -360 -360 -360 -360 -360 -360 -360 -360 -360 -360 -360 -360 -360 
-375 -375 -375 -375 -375 -375 -375 -375 -375 -375 -375 -375 -375 -375 -375 -375 -375 -375 -375 -375 -375 -375 -375 -375 -375 -375 -375 -375 -375 -375 
-390 -390 -390 -390 -390 -390 -390 -390 -390 -390 -390 -390 -390 -390 -390 -390 -390 -390 -390 -390 -390 -390 -390 -390 -390 -390 -390 -390 -390 -390 
-405 -405 -405 -405 -405 -405 -405 -405 -405 -405 -405 -405 -405 -405 -405 -405 -405 -405 -405 -405 -405 -405 -405 -405 -405 -405 -405 -405 -405 -405 
-420 -420 -420 -420 -420 -420 -420 -420 -420 -420 -420 -420 -420 -420 -420 -420 -420 -420 -420 -420 -420 -420 -420 -420 -420 -420 -420 -420 -420 -420 
-435 -435 -435 -435 -435 -435 -435 -435 -435 -435 -435 -435 -435 -435 -435 -435 -435 -435 -435 -435 -435 -435 -435 -435 -435 -435 -435 -435 -435 -435 
-450 -450 -450 -450 -450 -450 -450 -450 -450 -450 -450 -450 -450 -450 -450 -450 -450 -450 -450 -450 -450 -450 -450 -450 -450 -450 -450 -450 -450 -450 
-465 -465 -465 -465 -465 -465 -465 -465 -465 -465 -465 -465 -465 -465 -465 -465 -465 -465 -465 -465 -465 -465 -465 -465 -465 -465 -465 -465 -465 -465 
-480 -480 -480 -480 -480 -480 -480 -480 -480 -480 -480 -480 -480 -480 -480 -480 -480 -480 -480 -480 -480 -480 -480 -480 -480 -480 -480 -480 -480 -480 
-495 -495 -495 -495 -495 -495 -495 -495 -495 -495 -495 -495 -495 -495 -495 -495 -495 -495 -495 -495 -495 -495 -495 -495 -495 -495 -495 -495 -495 -495 
-510 -510 -510 -510 -510 -510 -510 -510 -510 -510 -510 -510 -510 -510 -510 -510 -510 -510 -510 -510 -510 -510 -510 -510 -510 -510 -510 -510 -510 -510 
-525 -525 -525 -525 -525 -525 -525 -525 -525 -525 -525 -525 -525 -525 -525 -525 -525 -525 -525 -525 -525 -525 -525 -525 -525 -525 -525 -525 -525 -525 
-540 -540 -540 -540 -540 -540 -540 -540 -540 -540 -540 -540 -540 -540 -540 -540 -540 -540 -540 -540 -540 -540 -540 -540 -540 -540 -540 -540 -540 -540 
-555 -555 -555 -555 -555 -555 -555 -555 -555 -555 -555 -555 -555 -555 -555 -555 -555 -555 -555 -555 -555 -555 -555 -555 -555 -555 -555 -555 -555 -555 
-570 -570 -570 -570 -570 -570 -570 -570 -570 -570 -570 -570 -570 -570 -570 -570 -570 -570 -570 -570 -570 -570 -570 -570 -570 -570 -570 -570 -570 -570 
-585 -585 -585 -585 -585 -585 -585 -585 -585 -585 -585 -585 -585 -585 -585 -585 -585 -585 -585 -585 -585 -585 -585 -585 -585 -585 -585 -585 -585 -585 
-600 -600 -600 -600 -600 -600 -600 -600 -600 -600 -600 -600 -600 -600 -600 -600 -600 -600 -600 -600 -600 -600 -600 -600 -600 -600 -600 -600 -600 -600 
-615 -615 -615 -615 -615 -615 -615 -615 -615 -615 -615 -615 -615 -615 -615 -615 -615 -615 -615 -615 -615 -615 -615 -615 -615 -615 -615 -615 -615 -615 
-630 -630 -630 -630 -630 -630 -630 -630 -630 -630 -630 -630 -630 -630 -630 -630 -630 -630 -630 -630 -630 -630 -630 -630 -630 -630 -630 -630 -630 -630 
-645 -645 -645 -645 -645 -645 -645 -645 -645 -645 -645 -645 -645 -645 -645 -645 -645 -645 -645 -645 -645 -645 -645 -645 -645 -645 -645 -645 -645 -645 
-660 -660 -660 -660 -660 -660 -660 -660 -660 -660 -660 -660 -660 -660 -660 -660 -660 -660 -660 -660 -660 -660 -660 -660 -660 -660 -660 -660 -660 -660 
-675 -675 -675 -675 -675 -675 -675 -675 -675 -675 -675 -675 -675 -675 -675 -675 -675 -675 -6
[system] stderr output have reached the limit(MAX_SIZE=32768 bytes)
[system] spend time: 152, remain: 118410
[system] ================================
[system] turn: 3
[system] spend time: 186, remain: 118072
[system] ================================
[system] turn: 4
[system] spend time: 168, remain: 117718
[system] ================================
[system] turn: 5
[system] spend time: 101, remain: 117449
[system] ================================
[system] turn: 6
[system] spend time: 112, remain: 117236
[system] ================================
[system] turn: 7
[system] spend time: 250, remain: 116874
[system] ================================
[system] turn: 8
[system] spend time: 236, remain: 116388
[system] ================================
[system] turn: 9
[system] spend time: 479, remain: 115673
[system] ================================
[system] turn: 10
[system] spend time: 545, remain: 114649
[system] ================================
[system] turn: 11
[system] spend time: 120, remain: 113984
[system] ================================
[system] turn: 12
[system] spend time: 42, remain: 113822
[system] ================================
[system] turn: 13
[system] spend time: 29, remain: 113751
[system] ================================
[system] turn: 14
[system] spend time: 47, remain: 113675
[system] ================================
[system] turn: 15
[system] spend time: 29, remain: 113599
[system] ================================
[system] turn: 16
[system] spend time: 25, remain: 113545
[system] ================================
[system] turn: 17
[system] spend time: 33, remain: 113487
[system] ================================
[system] turn: 18
[system] spend time: 54, remain: 113400
[system] ================================
[system] turn: 19
[system] spend time: 23, remain: 113323
[system] ================================
[system] turn: 20
[system] spend time: 38, remain: 113262
[system] ================================
[system] turn: 21
[system] spend time: 32, remain: 113192
[system] ================================
[system] turn: 22
[system] spend time: 37, remain: 113123
[system] ================================
[system] turn: 23
[system] spend time: 32, remain: 113054
[system] ================================
[system] turn: 24
[system] spend time: 32, remain: 112990
[system] ================================
[system] turn: 25
[system] spend time: 35, remain: 112923
[system] ================================
[system] turn: 26
[system] spend time: 37, remain: 112851
[system] ================================
[system] turn: 27
[system] spend time: 48, remain: 112766
[system] ================================
[system] turn: 28
[system] spend time: 27, remain: 112691
[system] ================================
[system] turn: 29
[system] spend time: 11, remain: 112653
[system] ================================
[system] turn: 30
[system] spend time: 11, remain: 112631
[system] ================================
[system] turn: 31
[system] spend time: 9, remain: 112611
[system] ================================
[system] turn: 32
[system] spend time: 9, remain: 112593
[system] ================================
[system] turn: 33
[system] spend time: 11, remain: 112573
[system] ================================
[system] turn: 34
[system] spend time: 11, remain: 112551
[system] ================================
[system] turn: 35
[system] spend time: 10, remain: 112530
[system] ================================
[system] turn: 36
[system] spend time: 10, remain: 112510
[system] ================================
[system] turn: 37
[system] spend time: 9, remain: 112491
[system] ================================
[system] turn: 38
[system] spend time: 10, remain: 112472
[system] ================================
[system] turn: 39
[system] spend time: 9, remain: 112453
[system] ================================
[system] turn: 40
[system] spend time: 10, remain: 112434
[system] ================================
[system] turn: 41
[system] spend time: 9, remain: 112415
[system] ================================
[system] turn: 42
[system] spend time: 10, remain: 112396
[system] ================================
[system] turn: 43
[system] spend time: 9, remain: 112377
[system] ================================
[system] turn: 44
[system] spend time: 9, remain: 112359
[system] ================================
[system] turn: 45
[system] spend time: 11, remain: 112339
[system] ================================
[system] turn: 46
[system] spend time: 10, remain: 112318
[system] ================================
[system] turn: 47
[system] spend time: 9, remain: 112299
[system] ================================
[system] turn: 48
[system] spend time: 10, remain: 112280
[system] ================================
[system] turn: 49
[system] spend time: 9, remain: 112261
[system] ================================
[system] turn: 50
[system] spend time: 10, remain: 112242
[system] ================================
[system] turn: 51
[system] spend time: 9, remain: 112223
[system] ================================
[system] turn: 52
[system] spend time: 10, remain: 112204
[system] ================================
[system] turn: 53
[system] spend time: 9, remain: 112185
[system] ================================
[system] turn: 54
[system] spend time: 10, remain: 112166
[system] ================================
[system] turn: 55
[system] spend time: 9, remain: 112147
[system] ================================
[system] turn: 56
[system] spend time: 9, remain: 112129
[system] ================================
[system] turn: 57
[system] spend time: 9, remain: 112111
[system] ================================
[system] turn: 58
[system] spend time: 9, remain: 112093
[system] ================================
[system] turn: 59
[system] spend time: 9, remain: 112075
[system] ================================
[system] turn: 60
[system] spend time: 9, remain: 112057
[system] ================================
[system] turn: 61
[system] spend time: 9, remain: 112039
[system] ================================
[system] turn: 62
[system] spend time: 9, remain: 112021
[system] ================================
[system] turn: 63
[system] spend time: 9, remain: 112003
[system] ================================
[system] turn: 64
[system] spend time: 9, remain: 111985
[system] ================================
[system] turn: 65
[system] spend time: 9, remain: 111967
[system] ================================
[system] turn: 66
[system] spend time: 9, remain: 111949
[system] ================================
[system] turn: 67
[system] spend time: 9, remain: 111931
[system] terminate your AI: "OurJOCKEY"
[system] 	error code: 0
[system] 	message: "No error
