[system] Try: hand shake
[system] spend time: 11, remain: 119989
[system] Success!: hand shake
[system] ================================
[system] turn: 0
check
x=0, 0
check2
AAQA
x=1, 1
x=2, 1
x=3, 1
x=4, 0
check2
AAQA
x=5, 1
x=6, 1
x=7, 0
check2
AAQA
x=8, 1
x=9, 1
x=10, 1
x=11, 0
check2
AAQA
  186  198  208  218  230  242  242  230  220  208  196  184
  171  183  193  203  215  227  227  215  205  193  181  169
  156  168  178  188  200  212  212  200  190  178  166  154
  141  153  163  173  185  197  197  185  175  163  151  139
  126  138  148  158  170  182  182  170  160  148  136  124
  111  123  133  143  155  167  167  155  145  133  121  109
   96  108  118  128  140  152  152  140  130  118  106   94
   81   93  103  113  125  137  137  125  115  103   91   79
   66   78   88   98  110  122  122  110  100   88   76   64
   51   63   73   83   95  107  107   95   85   75   61   49
   38    0    0 1000  998  998  998  998  998    0    0   38
   25    0    0    0    0    0    0    0    0    0    0   25
   12    0    0    0   12    0    0   12    0    0    0   12
   -3  -15  -15  -15   -3  -15  -15   -3  -15  -15  -15   -3
  -18  -30  -30  -30  -18  -30  -30  -18  -30  -30  -30  -18
  -33  -45  -45  -45  -33  -45  -45  -33  -45  -45  -45  -33
  -48  -60  -60  -60  -48  -60  -60  -48  -60  -60  -60  -48
  -63  -75  -75  -75  -63  -75  -75  -63  -75  -75  -75  -63
  -78  -90  -90  -90  -78  -90  -90  -78  -90  -90  -90  -78
  -93 -105 -105 -105  -93 -105 -105  -93 -105 -105 -105  -93
 -108 -120 -120 -120 -108 -120 -120 -108 -120 -120 -120 -108
 -123 -135 -135 -135 -123 -135 -135 -123 -135 -135 -135 -123
 -138 -150 -150 -150 -138 -150 -150 -138 -150 -150 -150 -138
 -153 -165 -165 -165 -153 -165 -165 -153 -165 -165 -165 -153
 -168 -180 -180 -180 -168 -180 -180 -168 -180 -180 -180 -168
 -183 -195 -195 -195 -183 -195 -195 -183 -195 -195 -195 -183
 -198 -210 -210 -210 -198 -210 -210 -198 -210 -210 -210 -198
 -213 -225 -225 -225 -213 -225 -225 -213 -225 -225 -225 -213
 -228 -240 -240 -240 -228 -240 -240 -228 -240 -240 -240 -228
 -243 -255 -255 -255 -243 -255 -255 -243 -255 -255 -255 -243
 -258 -270 -270 -270 -258 -270 -270 -258 -270 -270 -270 -258
 -273 -285 -285 -285 -273 -285 -285 -273 -285 -285 -285 -273
 -288 -300 -300 -300 -288 -300 -300 -288 -300 -300 -300 -288
 -303 -315 -315 -315 -303 -315 -315 -303 -315 -315 -315 -303
 -318 -330 -330 -330 -318 -330 -330 -318 -330 -330 -330 -318
 -333 -345 -345 -345 -333 -345 -345 -333 -345 -345 -345 -333
 -348 -360 -360 -360 -348 -360 -360 -348 -360 -360 -360 -348
 -363 -375 -375 -375 -363 -375 -375 -363 -375 -375 -375 -363
 -378 -390 -390 -390 -378 -390 -390 -378 -390 -390 -390 -378
 -393 -405 -405 -405 -393 -405 -405 -393 -405 -405 -405 -393
 -408 -420 -420 -420 -408 -420 -420 -408 -420 -420 -420 -408
 -423 -435 -435 -435 -423 -435 -435 -423 -435 -435 -435 -423
 -438 -450 -450 -450 -438 -450 -450 -438 -450 -450 -450 -438
 -453 -465 -465 -465 -453 -465 -465 -453 -465 -465 -465 -453
 -468 -480 -480 -480 -468 -480 -480 -468 -480 -480 -480 -468
 -483 -495 -495 -495 -483 -495 -495 -483 -495 -495 -495 -483
 -498 -510 -510 -510 -498 -510 -510 -498 -510 -510 -510 -498
 -513 -525 -525 -525 -513 -525 -525 -513 -525 -525 -525 -513
 -528 -540 -540 -540 -528 -540 -540 -528 -540 -540 -540 -528
 -543 -555 -555 -555 -543 -555 -555 -543 -555 -555 -555 -543
 -558 -570 -570 -570 -558 -570 -570 -558 -570 -570 -570 -558
 -573 -585 -585 -585 -573 -585 -585 -573 -585 -585 -585 -573
 -588 -600 -600 -600 -588 -600 -600 -588 -600 -600 -600 -588
 -603 -615 -615 -615 -603 -615 -615 -603 -615 -615 -615 -603
 -618 -630 -630 -630 -618 -630 -630 -618 -630 -630 -630 -618
 -633 -645 -645 -645 -633 -645 -645 -633 -645 -645 -645 -633
 -648 -660 -660 -660 -648 -660 -660 -648 -660 -660 -660 -648
 -663 -675 -675 -675 -663 -675 -675 -663 -675 -675 -675 -663
 -678 -690 -690 -690 -678 -690 -690 -678 -690 -690 -690 -678
 -693 -705 -705 -705 -693 -705 -705 -693 -705 -705 -705 -693
 -708 -720 -720 -720 -708 -720 -720 -708 -720 -720 -720 -708
 -723 -735 -735 -735 -723 -735 -735 -723 -735 -735 -735 -723
 -738 -750 -750 -750 -738 -750 -750 -738 -750 -750 -750 -738
 -753 -765 -765 -765 -753 -765 -765 -753 -765 -765 -765 -753
 -768 -780 -780 -780 -768 -780 -780 -768 -780 -780 -780 -768
 -783 -795 -795 -795 -783 -795 -795 -783 -795 -795 -795 -783
 -798 -810 -810 -810 -798 -810 -810 -798 -810 -810 -810 -798
 -813 -825 -825 -825 -813 -825 -825 -813 -825 -825 -825 -813
 -828 -840 -840 -840 -828 -840 -840 -828 -840 -840 -840 -828
 -843 -855 -855 -855 -843 -855 -855 -843 -855 -855 -855 -843
 -858 -870 -870 -870 -858 -870 -870 -858 -870 -870 -870 -858
 -873 -885 -885 -885 -873 -885 -885 -873 -885 -885 -885 -873
 -888 -900 -900 -900 -888 -900 -900 -888 -900 -900 -900 -888
 -903 -915 -915 -915 -903 -915 -915 -903 -915 -915 -915 -903
 -918 -930 -930 -930 -918 -930 -930 -918 -930 -930 -930 -918
 -933 -945 -945 -945 -933 -945 -945 -933 -945 -945 -945 -933
 -948 -960 -960 -960 -948 -960 -960 -948 -960 -960 -960 -948
 -963 -975 -975 -975 -963 -975 -975 -963 -975 -975 -975 -963
 -978 -990 -990 -990 -978 -990 -990 -978 -990 -990 -990 -978
 -993-1005-1005-1005 -993-1005-1005 -993-1005-1005-1005 -993
-1008-1020-1020-1020-1008-1020-1020-1008-1020-1020-1020-1008
-1023-1035-1035-1035-1023-1035-1035-1023-1035-1035-1035-1023
-1038-1050-1050-1050-1038-1050-1050-1038-1050-1050-1050-1038
-1053-1065-1065-1065-1053-1065-1065-1053-1065-1065-1065-1053
-1068-1080-1080-1080-1068-1080-1080-1068-1080-1080-1080-1068
-1083-1095-1095-1095-1083-1095-1095-1083-1095-1095-1095-1083
-1098-1110-1110-1110-1098-1110-1110-1098-1110-1110-1110-1098
-1113-1125-1125-1125-1113-1125-1125-1113-1125-1125-1125-1113
-1128-1140-1140-1140-1128-1140-1140-1128-1140-1140-1140-1128
-1143-1155-1155-1155-1143-1155-1155-1143-1155-1155-1155-1143
-1158-1170-1170-1170-1158-1170-1170-1158-1170-1170-1170-1158
-1173-1185-1185-1185-1173-1185-1185-1173-1185-1185-1185-1173
-1188-1200-1200-1200-1188-1200-1200-1188-1200-1200-1200-1188
-1203-1215-1215-1215-1203-1215-1215-1203-1215-1215-1215-1203
-1218-1230-1230-1230-1218-1230-1230-1218-1230-1230-1230-1218
-1233-1245-1245-1245-1233-1245-1245-1233-1245-1245-1245-1233
-1248-1260-1260-1260-1248-1260-1260-1248-1260-1260-1260-1248
-1263-1275-1275-1275-1263-1275-1275-1263-1275-1275-1275-1263
-1278-1290-1290-1290-1278-1290-1290-1278-1290-1290-1290-1278
-1293-1305-1305-1305-1293-1305-1305-1293-1305-1305-1305-1293
-1308-1320-1320-1320-1308-1320-1320-1308-1320-1320-1320-1308
-1323-1335-1335-1335-1323-1335-1335-1323-1335-1335-1335-1323
-1338-1350-1350-1350-1338-1350-1350-1338-1350-1350-1350-1338
-1353-1365-1365-1365-1353-1365-1365-1353-1365-1365-1365-1353
-1368-1380-1380-1380-1368-1380-1380-1368-1380-1380-1380-1368
-1383-1395-1395-1395-1383-1395-1395-1383-1395-1395-1395-1383
-1398-1410-1410-1410-1398-1410-1410-1398-1410-1410-1410-1398
-1413-1425-1425-1425-1413-1425-1425-1413-1425-1425-1425-1413
-1428-1440-1440-1440-1428-1440-1440-1428-1440-1440-1440-1428
-1443-1455-1455-1455-1443-1455-1455-1443-1455-1455-1455-1443
-1458-1470-1470-1470-1458-1470-1470-1458-1470-1470-1470-1458
-1473-1485-1485-1485-1473-1485-1485-1473-1485-1485-1485-1473
-1488-1500-1500-1500-1488-1500-1500-1488-1500-1500-1500-1488
-1503-1515-1515-1515-1503-1515-1515-1503-1515-1515-1515-1503
-1518-1530-1530-1530-1518-1530-1530-1518-1530-1530-1530-1518
-1533-1545-1545-1545-1533-1545-1545-1533-1545-1545-1545-1533
-1548-1560-1560-1560-1548-1560-1560-1548-1560-1560-1560-1548
-1563-1575-1575-1575-1563-1575-1575-1563-1575-1575-1575-1563
-1578-1590-1590-1590-1578-1590-1590-1578-1590-1590-1590-1578
-1593-1605-1605-1605-1593-1605-1605-1593-1605-1605-1605-1593
-1608-1620-1620-1620-1608-1620-1620-1608-1620-1620-1620-1608
-1623-1635-1635-1635-1623-1635-1635-1623-1635-1635-1635-1623
-1638-1650-1650-1650-1638-1650-1650-1638-1650-1650-1650-1638
-1653-1665-1665-1665-1653-1665-1665-1653-1665-1665-1665-1653
-1668-1680-1680-1680-1668-1680-1680-1668-1680-1680-1680-1668
-1683-1695-1695-1695-1683-1695-1695-1683-1695-1695-1695-1683
-1698-1710-1710-1710-1698-1710-1710-1698-1710-1710-1710-1698
-1713-1725-1725-1725-1713-1725-1725-1713-1725-1725-1725-1713
-1728-1740-1740-1740-1728-1740-1740-1728-1740-1740-1740-1728
-1743-1755-1755-1755-1743-1755-1755-1743-1755-1755-1755-1743
-1758-1770-1770-1770-1758-1770-1770-1758-1770-1770-1770-1758
-1773-1785-1785-1785-1773-1785-1785-1773-1785-1785-1785-1773
-1788-1800-1800-1800-1788-1800-1800-1788-1800-1800-1800-1788
-1803-1815-1815-1815-1803-1815-1815-1803-1815-1815-1815-1803
-1818-1830-1830-1830-1818-1830-1830-1818-1830-1830-1830-1818
-1833-1845-1845-1845-1833-1845-1845-1833-1845-1845-1845-1833
-1848-1860-1860-1860-1848-1860-1860-1848-1860-1860-1860-1848
-1863-1875-1875-1875-1863-1875-1875-1863-1875-1875-1875-1863
-1878-1890-1890-1890-1878-1890-1890-1878-1890-1890-1890-1878
-1893-1905-1905-1905-1893-1905-1905-1893-1905-1905-1905-1893
-1908-1920-1920-1920-1908-1920-1920-1908-1920-1920-1920-1908
-1923-1935-1935-1935-1923-1935-1935-1923-1935-1935-1935-1923
-1938-1950-1950-1950-1938-1950-1950-1938-1950-1950-1950-1938
-1953-1965-1965-1965-1953-1965-1965-1953-1965-1965-1965-1953
-1968-1980-1980-1980-1968-1980-1980-1968-1980-1980-1980-1968
-1983-1995-1995-1995-1983-1995-1995-1983-1995-1995-1995-1983
-1998-2010-2010-2010-1998-2010-2010-1998-2010-2010-2010-1998
-2013-2025-2025-2025-2013-2025-2025-2013-2025-2025-2025-2013
-2028-2040-2040-2040-2028-2040-2040-2028-2040-2040-2040-2028
-2043-2055-2055-2055-2043-2055-2055-2043-2055-2055-2055-2043
-2058-2070-2070-2070-2058-2070-2070-2058-2070-2070-2070-2058
-2073-2085-2085-2085-2073-2085-2085-2073-2085-2085-2085-2073
-2088-2100-2100-2100-2088-2100-2100-2088-2100-2100-2100-2088
-2103-2115-2115-2115-2103-2115-2115-2103-2115-2115-2115-2103
-2118-2130-2130-2130-2118-2130-2130-2118-2130-2130-2130-2118
-2133-2145-2145-2145-2133-2145-2145-2133-2145-2145-2145-2133
-2148-2160-2160-2160-2148-2160-2160-2148-2160-2160-2160-2148
-2163-2175-2175-2175-2163-2175-2175-2163-2175-2175-2175-2163
-2178-2190-2190-2190-2178-2190-2190-2178-2190-2190-2190-2178
-2193-2205-2205-2205-2193-2205-2205-2193-2205-2205-2205-2193
-2208-2220-2220-2220-2208-2220-2220-2208-2220-2220-2220-2208
-2223-2235-2235-2235-2223-2235-2235-2223-2235-2235-2235-2223
-2238-2250-2250-2250-2238-2250-2250-2238-2250-2250-2250-2238
-2253-2265-2265-2265-2253-2265-2265-2253-2265-2265-2265-2253
-2268-2280-2280-2280-2268-2280-2280-2268-2280-2280-2280-2268
-2283-2295-2295-2295-2283-2295-2295-2283-2295-2295-2295-2283
-2298-2310-2310-2310-2298-2310-2310-2298-2310-2310-2310-2298
score : 4602468464
[system] spend time: 775, remain: 119225
[system] ================================
[system] turn: 1
check
x=0, 0
check2
AAQA
x=1, 1
x=2, 1
x=3, 1
x=4, 1
x=5, 1
x=6, 1
x=7, 1
x=8, 1
x=9, 1
x=10, 1
x=11, 0
check2
AAQA
  173  185  195  205  217  229  227  215  203  191  179  167
  158  170  180  190  202  214  212  200  188  176  164  152
  143  155  165  175  187  199  197  185  173  161  149  137
  128  140  150  160  172  184  182  170  158  146  134  122
  113  125  135  145  157  169  167  155  143  131  119  107
   98  110  120  130  142  154  152  140  128  116  104   92
   83   95  105  115  127  139  137  125  113  101   89   77
   68   80   90  100  112  124  122  110   98   86   74   62
   53   65   75   85   97  109  107   95   83   71   59   47
   38   50   60   70   82   94   92   80   70   60   46   32
   25    0    0 1000  998  998  998  998  998    0    0   23
   12    0    0    0    0    0    0    0    0    0    0   12
   -3  -15  -15  -15  -15  -15  -15  -15  -15  -15  -15   -3
  -18  -30  -30  -30  -30  -30  -30  -30  -30  -30  -30  -18
  -33  -45  -45  -45  -45  -45  -45  -45  -45  -45  -45  -33
  -48  -60  -60  -60  -60  -60  -60  -60  -60  -60  -60  -48
  -63  -75  -75  -75  -75  -75  -75  -75  -75  -75  -75  -63
  -78  -90  -90  -90  -90  -90  -90  -90  -90  -90  -90  -78
  -93 -105 -105 -105 -105 -105 -105 -105 -105 -105 -105  -93
 -108 -120 -120 -120 -120 -120 -120 -120 -120 -120 -120 -108
 -123 -135 -135 -135 -135 -135 -135 -135 -135 -135 -135 -123
 -138 -150 -150 -150 -150 -150 -150 -150 -150 -150 -150 -138
 -153 -165 -165 -165 -165 -165 -165 -165 -165 -165 -165 -153
 -168 -180 -180 -180 -180 -180 -180 -180 -180 -180 -180 -168
 -183 -195 -195 -195 -195 -195 -195 -195 -195 -195 -195 -183
 -198 -210 -210 -210 -210 -210 -210 -210 -210 -210 -210 -198
 -213 -225 -225 -225 -225 -225 -225 -225 -225 -225 -225 -213
 -228 -240 -240 -240 -240 -240 -240 -240 -240 -240 -240 -228
 -243 -255 -255 -255 -255 -255 -255 -255 -255 -255 -255 -243
 -258 -270 -270 -270 -270 -270 -270 -270 -270 -270 -270 -258
 -273 -285 -285 -285 -285 -285 -285 -285 -285 -285 -285 -273
 -288 -300 -300 -300 -300 -300 -300 -300 -300 -300 -300 -288
 -303 -315 -315 -315 -315 -315 -315 -315 -315 -315 -315 -303
 -318 -330 -330 -330 -330 -330 -330 -330 -330 -330 -330 -318
 -333 -345 -345 -345 -345 -345 -345 -345 -345 -345 -345 -333
 -348 -360 -360 -360 -360 -360 -360 -360 -360 -360 -360 -348
 -363 -375 -375 -375 -375 -375 -375 -375 -375 -375 -375 -363
 -378 -390 -390 -390 -390 -390 -390 -390 -390 -390 -390 -378
 -393 -405 -405 -405 -405 -405 -405 -405 -405 -405 -405 -393
 -408 -420 -420 -420 -420 -420 -420 -420 -420 -420 -420 -408
 -423 -435 -435 -435 -435 -435 -435 -435 -435 -435 -435 -423
 -438 -450 -450 -450 -450 -450 -450 -450 -450 -450 -450 -438
 -453 -465 -465 -465 -465 -465 -465 -465 -465 -465 -465 -453
 -468 -480 -480 -480 -480 -480 -480 -480 -480 -480 -480 -468
 -483 -495 -495 -495 -495 -495 -495 -495 -495 -495 -495 -483
 -498 -510 -510 -510 -510 -510 -510 -510 -510 -510 -510 -498
 -513 -525 -525 -525 -525 -525 -525 -525 -525 -525 -525 -513
 -528 -540 -540 -540 -540 -540 -540 -540 -540 -540 -540 -528
 -543 -555 -555 -555 -555 -555 -555 -555 -555 -555 -555 -543
 -558 -570 -570 -570 -570 -570 -570 -570 -570 -570 -570 -558
 -573 -585 -585 -585 -585 -585 -585 -585 -585 -585 -585 -573
 -588 -600 -600 -600 -600 -600 -600 -600 -600 -600 -600 -588
 -603 -615 -615 -615 -615 -615 -615 -615 -615 -615 -615 -603
 -618 -630 -630 -630 -630 -630 -630 -630 -630 -630 -630 -618
 -633 -645 -645 -645 -645 -645 -645 -645 -645 -645 -645 -633
 -648 -660 -660 -660 -660 -660 -660 -660 -660 -660 -660 -648
 -663 -675 -675 -675 -675 -675 -675 -675 -675 -675 -675 -663
 -678 -690 -690 -690 -690 -690 -690 -690 -690 -690 -690 -678
 -693 -705 -705 -705 -705 -705 -705 -705 -705 -705 -705 -693
 -708 -720 -720 -720 -720 -720 -720 -720 -720 -720 -720 -708
 -723 -735 -735 -735 -735 -735 -735 -735 -735 -735 -735 -723
 -738 -750 -750 -750 -750 -750 -750 -750 -750 -750 -750 -738
 -753 -765 -765 -765 -765 -765 -765 -765 -765 -765 -765 -753
 -768 -780 -780 -780 -780 -780 -780 -780 -780 -780 -780 -768
 -783 -795 -795 -795 -795 -795 -795 -795 -795 -795 -795 -783
 -798 -810 -810 -810 -810 -810 -810 -810 -810 -810 -810 -798
 -813 -825 -825 -825 -825 -825 -825 -825 -825 -825 -825 -813
 -828 -840 -840 -840 -840 -840 -840 -840 -840 -840 -840 -828
 -843 -855 -855 -855 -855 -855 -855 -855 -855 -855 -855 -843
 -858 -870 -870 -870 -870 -870 -870 -870 -870 -870 -870 -858
 -873 -885 -885 -885 -885 -885 -885 -885 -885 -885 -885 -873
 -888 -900 -900 -900 -900 -900 -900 -900 -900 -900 -900 -888
 -903 -915 -915 -915 -915 -915 -915 -915 -915 -915 -915 -903
 -918 -930 -930 -930 -930 -930 -930 -930 -930 -930 -930 -918
 -933 -945 -945 -945 -945 -945 -945 -945 -945 -945 -945 -933
 -948 -960 -960 -960 -960 -960 -960 -960 -960 -960 -960 -948
 -963 -975 -975 -975 -975 -975 -975 -975 -975 -975 -975 -963
 -978 -990 -990 -990 -990 -990 -990 -990 -990 -990 -990 -978
 -993-1005-1005-1005-1005-1005-1005-1005-1005-1005-1005 -993
-1008-1020-1020-1020-1020-1020-1020-1020-1020-1020-1020-1008
-1023-1035-1035-1035-1035-1035-1035-1035-1035-1035-1035-1023
-1038-1050-1050-1050-1050-1050-1050-1050-1050-1050-1050-1038
-1053-1065-1065-1065-1065-1065-1065-1065-1065-1065-1065-1053
-1068-1080-1080-1080-1080-1080-1080-1080-1080-1080-1080-1068
-1083-1095-1095-1095-1095-1095-1095-1095-1095-1095-1095-1083
-1098-1110-1110-1110-1110-1110-1110-1110-1110-1110-1110-1098
-1113-1125-1125-1125-1125-1125-1125-1125-1125-1125-1125-1113
-1128-1140-1140-1140-1140-1140-1140-1140-1140-1140-1140-1128
-1143-1155-1155-1155-1155-1155-1155-1155-1155-1155-1155-1143
-1158-1170-1170-1170-1170-1170-1170-1170-1170-1170-1170-1158
-1173-1185-1185-1185-1185-1185-1185-1185-1185-1185-1185-1173
-1188-1200-1200-1200-1200-1200-1200-1200-1200-1200-1200-1188
-1203-1215-1215-1215-1215-1215-1215-1215-1215-1215-1215-1203
-1218-1230-1230-1230-1230-1230-1230-1230-1230-1230-1230-1218
-1233-1245-1245-1245-1245-1245-1245-1245-1245-1245-1245-1233
-1248-1260-1260-1260-1260-1260-1260-1260-1260-1260-1260-1248
-1263-1275-1275-1275-1275-1275-1275-1275-1275-1275-1275-1263
-1278-1290-1290-1290-1290-1290-1290-1290-1290-1290-1290-1278
-1293-1305-1305-1305-1305-1305-1305-1305-1305-1305-1305-1293
-1308-1320-1320-1320-1320-1320-1320-1320-1320-1320-1320-1308
-1323-1335-1335-1335-1335-1335-1335-1335-1335-1335-1335-1323
-1338-1350-1350-1350-1350-1350-1350-1350-1350-1350-1350-1338
-1353-1365-1365-1365-1365-1365-1365-1365-1365-1365-1365-1353
-1368-1380-1380-1380-1380-1380-1380-1380-1380-1380-1380-1368
-1383-1395-1395-1395-1395-1395-1395-1395-1395-1395-1395-1383
-1398-1410-1410-1410-1410-1410-1410-1410-1410-1410-1410-1398
-1413-1425-1425-1425-1425-1425-1425-1425-1425-1425-1425-1413
-1428-1440-1440-1440-1440-1440-1440-1440-1440-1440-1440-1428
-1443-1455-1455-1455-1455-1455-1455-1455-1455-1455-1455-1443
-1458-1470-1470-1470-1470-1470-1470-1470-1470-1470-1470-1458
-1473-1485-1485-1485-1485-1485-1485-1485-1485-1485-1485-1473
-1488-1500-1500-1500-1500-1500-1500-1500-1500-1500-1500-1488
-1503-1515-1515-1515-1515-1515-1515-1515-1515-1515-1515-1503
-1518-1530-1530-1530-1530-1530-1530-1530-1530-1530-1530-1518
-1533-1545-1545-1545-1545-1545-1545-1545-1545-1545-1545-1533
-1548-1560-1560-1560-1560-1560-1560-1560-1560-1560-1560-1548
-1563-1575-1575-1575-1575-1575-1575-1575-1575-1575-1575-1563
-1578-1590-1590-1590-1590-1590-1590-1590-1590-1590-1590-1578
-1593-1605-1605-1605-1605-1605-1605-1605-1605-1605-1605-1593
-1608-1620-1620-1620-1620-1620-1620-1620-1620-1620-1620-1608
-1623-1635-1635-1635-1635-1635-1635-1635-1635-1635-1635-1623
-1638-1650-1650-1650-1650-1650-1650-1650-1650-1650-1650-1638
-1653-1665-1665-1665-1665-1665-1665-1665-1665-1665-1665-1653
-1668-1680-1680-1680-1680-1680-1680-1680-1680-1680-1680-1668
-1683-1695-1695-1695-1695-1695-1695-1695-1695-1695-1695-1683
-1698-1710-1710-1710-1710-1710-1710-1710-1710-1710-1710-1698
-1713-1725-1725-1725-1725-1725-1725-1725-1725-1725-1725-1713
-1728-1740-1740-1740-1740-1740-1740-1740-1740-1740-1740-1728
-1743-1755-1755-1755-1755-1755-1755-1755-1755-1755-1755-1743
-1758-1770-1770-1770-1770-1770-1770-1770-1770-1770-1770-1758
-1773-1785-1785-1785-1785-1785-1785-1785-1785-1785-1785-1773
-1788-1800-1800-1800-1800-1800-1800-1800-1800-1800-1800-1788
-1803-1815-1815-1815-1815-1815-1815-1815-1815-1815-1815-1803
-1818-1830-1830-1830-1830-1830-1830-1830-1830-1830-1830-1818
-1833-1845-1845-1845-1845-1845-1845-1845-1845-1845-1845-1833
-1848-1860-1860-1860-1860-1860-1860-1860-1860-1860-1860-1848
-1863-1875-1875-1875-1875-1875-1875-1875-1875-1875-1875-1863
-1878-1890-1890-1890-1890-1890-1890-1890-1890-1890-1890-1878
-1893-1905-1905-1905-1905-1905-1905-1905-1905-1905-1905-1893
-1908-1920-1920-1920-1920-1920-1920-1920-1920-1920-1920-1908
-1923-1935-1935-1935-1935-1935-1935-1935-1935-1935-1935-1923
-1938-1950-1950-1950-1950-1950-1950-1950-1950-1950-1950-1938
-1953-1965-1965-1965-1965-1965-1965-1965-1965-1965-1965-1953
-1968-1980-1980-1980-1980-1980-1980-1980-1980-1980-1980-1968
-1983-1995-1995-1995-1995-1995-1995-1995-1995-1995-1995-1983
-1998-2010-2010-2010-2010-2010-2010-2010-2010-2010-2010-1998
-2013-2025-2025-2025-2025-2025-2025-2025-2025-2025-2025-2013
-2028-2040-2040-2040-2040-2040-2040-2040-2040-2040-2040-2028
-2043-2055-2055-2055-2055-2055-2055-2055-2055-2055-2055-2043
-2058-2070-2070-2070-2070-2070-2070-2070-2070-2070-2070-2058
-2073-2085-2085-2085-2085-2085-2085-2085-2085-2085-2085-2073
-2088-2100-2100-2100-2100-2100-2100-2100-2100-2100-2100-2088
-2103-2115-2115-2115-2115-2115-2115-2115-2115-2115-2115-2103
-2118-2130-2130-2130-2130-2130-2130-2130-2130-2130-2130-2118
-2133-2145-2145-2145-2145-2145-2145-2145-2145-2145-2145-2133
-2148-2160-2160-2160-2160-2160-2160-2160-2160-2160-2160-2148
-2163-2175-2175-2175-2175-2175-2175-2175-2175-2175-2175-2163
-2178-2190-2190-2190-2190-2190-2190-2190-2190-2190-2190-2178
-2193-2205-2205-2205-2205-2205-2205-2205-2205-2205-2205-2193
-2208-2220-2220-2220-2220-2220-2220-2220-2220-2220-2220-2208
-2223-2235-2235-2235-2235-2235-2235-2235-2235-2235-2235-2223
-2238-2250-2250-2250-2250-2250-2250-2250-2250-2250-2250-2238
-2253-2265-2265-2265-2265-2265-2265-2265-2265-2265-2265-2253
-2268-2280-2280-2280-2280-2280-2280-2280-2280-2280-2280-2268
-2283-2295-2295-2295-2295-2295-2295-2295-2295-2295-2295-2283
-2298-2310-2310-2310-2310-2310-2310-2310-2310-2310-2310-2298
-2313-2325-2325-2325-2325-2325-2325-2325-2325-2325-2325-2313
score : 4602659428
[system] spend time: 207, remain: 118243
[system] ================================
[system] turn: 2
check
x=0, 0
check2
AAQA
x=1, 1
x=2, 1
x=3, 1
x=4, 1
x=5, 1
x=6, 1
x=7, 1
x=8, 1
x=9, 1
x=10, 1
x=11, 0
check2
AAQA
  173  185  195  205  217  229  227  215  203  191  179  167
  158  170  180  190  202  214  212  200  188  176  164  152
  143  155  165  175  187  199  197  185  173  161  149  137
  128  140  150  160  172  184  182  170  158  146  134  122
  113  125  135  145  157  169  167  155  143  131  119  107
   98  110  120  130  142  154  152  140  128  116  104   92
   83   95  105  115  127  139  137  125  113  101   89   77
   68   80   90  100  112  124  122  110   98   86   74   62
   53   65   75   85   97  109  107   95   83   71   59   47
   38   50   60   70   82   94   92   80   70   60   46   32
   25    0    0 1000  998  998  998  998  998    0    0   23
   12    0    0    0    0    0    0    0    0    0    0   12
   -3  -15  -15  -15  -15  -15  -15  -15  -15  -15  -15   -3
  -18  -30  -30  -30  -30  -30  -30  -30  -30  -30  -30  -18
  -33  -45  -45  -45  -45  -45  -45  -45  -45  -45  -45  -33
  -48  -60  -60  -60  -60  -60  -60  -60  -60  -60  -60  -48
  -63  -75  -75  -75  -75  -75  -75  -75  -75  -75  -75  -63
  -78  -90  -90  -90  -90  -90  -90  -90  -90  -90  -90  -78
  -93 -105 -105 -105 -105 -105 -105 -105 -105 -105 -105  -93
 -108 -120 -120 -120 -120 -120 -120 -120 -120 -120 -120 -108
 -123 -135 -135 -135 -135 -135 -135 -135 -135 -135 -135 -123
 -138 -150 -150 -150 -150 -150 -150 -150 -150 -150 -150 -138
 -153 -165 -165 -165 -165 -165 -165 -165 -165 -165 -165 -153
 -168 -180 -180 -180 -180 -180 -180 -180 -180 -180 -180 -168
 -183 -195 -195 -195 -195 -195 -195 -195 -195 -195 -195 -183
 -198 -210 -210 -210 -210 -210 -210 -210 -210 -210 -210 -198
 -213 -225 -225 -225 -225 -225 -225 -225 -225 -225 -225 -213
 -228 -240 -240 -240 -240 -240 -240 -240 -240 -240 -240 -228
 -243 -255 -255 -255 -255 -255 -255 -255 -255 -255 -255 -243
 -258 -270 -270 -270 -270 -270 -270 -270 -270 -270 -270 -258
 -273 -285 -285 -285 -285 -285 -285 -285 -285 -285 -285 -273
 -288 -300 -300 -300 -300 -300 -300 -300 -300 -300 -300 -288
 -303 -315 -315 -315 -315 -315 -315 -315 -315 -315 -315 -303
 -318 -330 -330 -330 -330 -330 -330 -330 -330 -330 -330 -318
 -333 -345 -345 -345 -345 -345 -345 -345 -345 -345 -345 -333
 -348 -360 -360 -360 -360 -360 -360 -360 -360 -360 -360 -348
 -363 -375 -375 -375 -375 -375 -375 -375 -375 -375 -375 -363
 -378 -390 -390 -390 -390 -390 -390 -390 -390 -390 -390 -378
 -393 -405 -405 -405 -405 -405 -405 -405 -405 -405 -405 -393
 -408 -420 -420 -420 -420 -420 -420 -420 -420 -420 -420 -408
 -423 -435 -435 -435 -435 -435 -435 -435 -435 -435 -435 -423
 -438 -450 -450 -450 -450 -450 -450 -450 -450 -450 -450 -438
 -453 -465 -465 -465 -465 -465 -465 -465 -465 -465 -465 -453
 -468 -480 -480 -480 -480 -480 -480 -480 -480 -480 -480 -468
 -483 -495 -495 -495 -495 -495 -495 -495 -495 -495 -495 -483
 -498 -510 -510 -510 -510 -510 -510 -510 -510 -510 -510 -498
 -513 -525 -525 -525 -525 -525 -525 -525 -525 -525 -525 -513
 -528 -540 -540 -540 -540 -540 -540 -540 -540 -540 -540 -528
 -543 -555 -555 -555 -555 -555 -555 -555 -555 -555 -555 -543
 -558 -570 -570 -570 -570 -570 -570 -570 -570 -570 -570 -558
 -573 -585 -585 -585 -585 -585 -585 -585 -585 -585 -585 -573
 -588 -600 -600 -600 -600 -600 -600 -600 -600 -600 -600 -588
 -603 -615 -615 -615 -615 -615 -615 -615 -615 -615 -615 -603
 -618 -630 -630 -630 -630 -630 -630 -630 -630 -630 -630 -618
 -633 -645 -645 -645 -645 -645 -645 -645 -645 -645 -645 -633
 -648 -660 -660 -660 -660 -660 -660 -660 -660 -660 -660 -648
 -663 -675 -675 -675 -675 -675 -675 -675 -675 -675 -675 -663
 -678 -690 -690 -690 -690 -690 -690 -690 -690 -690 -690 -678
 -693 -705 -705 -705 -705 -705 -705 -705 -705 -705 -705 -693
 -708 -720 -720 -720 -720 -720 -720 -720 -720 -720 -720 -708
 -723 -735 -735 -735 -735 -735 -735 -735 -735 -735 -735 -723
 -738 -750 -750 -750 -750 -750 -750 -750 -750 -750 -750 -738
 -753 -765 -765 -765 -765 -765 -765 -765 -765 -765 -765 -753
 -768 -780 -780 -780 -780 -780 -780 -780 -780 -780 -780 -768
 -783 -795 -795 -795 -795 -795 -795 -795 -795 -795 -795 -783
 -798 -810 -810 -810 -810 -810 -810 -810 -810 -810 -810 -798
 -813 -825 -825 -825 -825 -825 -825 -825 -825 -825 -825 -813
 -828 -840 -840 -840 -840 -840 -840 -840 -840 -840 -840 -828
 -843 -855 -855 -855 -855 -855 -855 -855 -855 -855 -855 -843
 -858 -870 -870 -870 -870 -870 -870 -870 -870 -870 -870 -858
 -873 -885 -885 -885 -885 -885 -885 -885 -885 -885 -885 -873
 -888 -900 -900 -900 -900 -900 -900 -900 -900 -900 -900 -888
 -903 -915 -915 -915 -915 -915 -915 -915 -915 -915 -915 -903
 -918 -930 -930 -930 -930 -930 -930 -930 -930 -930 -930 -918
 -933 -945 -945 -945 -945 -945 -945 -945 -945 -945 -945 -933
 -948 -960 -960 -960 -960 -960 -960 -960 -960 -960 -960 -948
 -963 -975 -975 -975 -975 -975 -975 -975 -975 -975 -975 -963
 -978 -990 -990 -990 -990 -990 -990 -990 -990 -990 -990 -978
 -993-1005-1005-1005-1005-1005-1005-1005-1005-1005-1005 -993
-1008-1020-1020-1020-1020-1020-1020-1020-1020-1020-1020-1008
-1023-1035-1035-1035-1035-1035-1035-1035-1035-1035-1035-1023
-1038-1050-1050-1050-1050-1050-1050-1050-1050-1050-1050-1038
-1053-1065-1065-1065-1065-1065-1065-1065-1065-1065-1065-1053
-1068-1080-1080-1080-1080-1080-1080-1080-1080-1080-1080-1068
-1083-1095-1095-1095-1095-1095-1095-1095-1095-1095-1095-1083
-1098-1110-1110-1110-1110-1110-1110-1110-1110-1110-1110-1098
-1113-1125-1125-1125-1125-1125-1125-1125-1125-1125-1125-1113
-1128-1140-1140-1140-1140-1140-1140-1140-1140-1140-1140-1128
-1143-1155-1155-1155-1155-1155-1155-1155-1155-1155-1155-1143
-1158-1170-1170-1170-1170-1170-1170-1170-1170-1170-1170-1158
-1173-1185-1185-1185-1185-1185-1185-1185-1185-1185-1185-1173
-1188-1200-1200-1200-1200-1200-1200-1200-1200-1200-1200-1188
-1203-1215-1215-1215-1215-1215-1215-1215-1215-1215-1215-1203
-1218-1230-1230-1230-1230-1230-1230-1230-1230-1230-1230-1218
-1233-1245-1245-1245-1245-1245-1245-1245-1245-1245-1245-1233
-1248-1260-1260-1260-1260-1260-1260-1260-1260-1260-1260-1248
-1263-1275-1275-1275-1275-1275-1275-1275-1275-1275-1275-1263
-1278-1290-1290-1290-1290-1290-1290-1290-1290-1290-1290-1278
-1293-1305-1305-1305-1305-1305-1305-1305-1305-1305-1305-1293
-1308-1320-1320-1320-1320-1320-1320-1320-1320-1320-1320-1308
-1323-1335-1335-1335-1335-1335-1335-1335-1335-1335-1335-1323
-1338-1350-1350-1350-1350-1350-1350-1350-1350-1350-1350-1338
-1353-1365-1365-1365-1365-1365-1365-1365-1365-1365-1365-1353
-1368-1380-1380-1380-1380-1380-1380-1380-1380-1380-1380-1368
-1383-1395-1395-1395-1395-1395-1395-1395-1395-1395-1395-1383
-1398-1410-1410-1410-1410-1410-1410-1410-1410-1410-1410-1398
-1413-1425-1425-1425-1425-1425-1425-1425-1425-1425-1425-1413
-1428-1440-1440-1440-1440-1440-1440-1440-1440-1440-1440-1428
-1443-1455-1455-1455-1455-1455-1455-1455-1455-1455-1455-1443
-1458-1470-1470-1470-1470-1470-1470-1470-1470-1470-1470-1458
-1473-1485-1485-1485-1485-1485-1485-1485-1485-1485-1485-1473
-1488-1500-1500-1500-1500-1500-1500-1500-1500-1500-1500-1488
-1503-1515-1515-1515-1515-1515-1515-1515-1515-1515-1515-1503
-1518-1530-1530-1530-1530-1530-1530-1530-1530-1530-1530-1518
-1533-1545-1545-1545-1545-1545-1545-1545-1545-1545-1545-1533
-1548-1560-1560-1560-1560-1560-1560-1560-1560-1560-1560-1548
-1563-1575-1575-1575-1575-1575-1575-1575-1575-1575-1575-1563
-1578-1590-1590-1590-1590-1590-1590-1590-1590-1590-1590-1578
-1593-1605-1605-1605-1605-1605-1605-1605-1605-1605-1605-1593
-1608-1620-1620-1620-1620-1620-1620-1620-1620-1620-1620-1608
-1623-1635-1635-1635-1635-1635-1635-1635-1635-1635-1635-1623
-1638-1650-1650-1650-1650-1650-1650-1650-1650-1650-1650-1638
-1653-1665-1665-1665-1665-1665-1665-1665-1665-1665-1665-1653
-1668-1680-1680-1680-1680-1680-1680-1680-1680-1680-1680-1668
-1683-1695-1695-1695-1695-1695-1695-1695-1695-1695-1695-1683
-1698-1710-1710-1710-1710-1710-1710-1710-1710-1710-1710-1698
-1713-1725-1725-1725-1725-1725-1725-1725-1725-1725-1725-1713
-1728-1740-1740-1740-1740-1740-1740-1740-1740-1740-1740-1728
-1743-1755-1755-1755-1755-1755-1755-1755-1755-1755-1755-1743
-1758-1770-1770-1770-1770-1770-1770-1770-1770-1770-1770-1758
-1773-1785-1785-1785-1785-1785-1785-1785-1785-1785-1785-1773
-1788-1800-1800-1800-1800-1800-1800-1800-1800-1800-1800-1788
-1803-1815-1815-1815-1815-1815-1815-1815-1815-1815-1815-1803
-1818-1830-1830-1830-1830-1830-1830-1830-1830-1830-1830-1818
-1833-1845-1845-1845-1845-1845-1845-1845-1845-1845-1845-1833
-1848-1860-1860-1860-1860-1860-1860-1860-1860-1860-1860-1848
-1863-1875-1875-1875-1875-1875-1875-1875-1875-1875-1875-1863
-1878-1890-1890-1890-1890-1890-1890-1890-1890-1890-1890-1878
-1893-1905-1905-1905-1905-1905-1905-1905-1905-1905-1905-1893
-1908-1920-1920-1920-1920-1920-1920-1920-1920-1920-1920-1908
-1923-1935-1935-1935-1935-1935-1935-1935-1935-1935-1935-1923
-1938-1950-1950-1950-1950-1950-1950-1950-1950-1950-1950-1938
-1953-1965-1965-1965-1965-1965-1965-1965-1965-1965-1965-1953
-1968-1980-1980-1980-1980-1980-1980-1980-1980-1980-1980-1968
-1983-1995-1995-1995-1995-1995-1995-1995-1995-1995-1995-1983
-1998-2010-2010-2010-2010-2010-2010-2010-2010-2010-2010-1998
-2013-2025-2025-2025-2025-2025-2025-2025-2025-2025-2025-2013
-2028-2040-2040-2040-2040-2040-2040-2040-2040-2040-2040-2028
-2043-2055-2055-2055-2055-2055-2055-2055-2055-2055-2055-2043
-2058-2070-2070-2070-2070-2070-2070-2070-2070-2070-2070-2058
-2073-2085-2085-2085-2085-2085-2085-2085-2085-2085-2085-2073
-2088-2100-2100-2100-2100-2100-2100-2100-2100-2100-2100-2088
-2103-2115-2115-2115-2115-2115-2115-2115-2115-2115-2115-2103
-2118-2130-2130-2130-2130-2130-2130-2130-2130-2130-2130-2118
-2133-2145-2145-2145-2145-2145-2145-2145-2145-2145-2145-2133
-2148-2160-2160-2160-2160-2160-2160-2160-2160-2160-2160-2148
-2163-2175-2175-2175-2175-2175-2175-2175-2175-2175-2175-2163
-2178-2190-2190-2190-2190-2190-2190-2190-2190-2190-2190-2178
-2193-2205-2205-2205-2205-2205-2205-2205-2205-2205-2205-2193
-2208-2220-2220-2220-2220-2220-2220-2220-2220-2220-2220-2208
-2223-2235-2235-2235-2235-2235-2235-2235-2235-2235-2235-2223
-2238-2250-2250-2250-2250-2250-2250-2250-2250-2250-2250-2238
-2253-2265-2265-2265-2265-2265-2265-2265-2265-2265-2265-2253
-2268-2280-2280-2280-2280-2280-2280-2280-2280-2280-2280-2268
-2283-2295-2295-2295-2295-2295-2295-2295-2295-2295-2295-2283
-2298-2310-2310-2310-2310-2310-2310-2310-2310-2310-2310-2298
-2313-2325-2325-2325-2325-2325-2325-2325-2325-2325-2325-2313
score : 4602661288
[system] spend time: 32, remain: 118004
[system] ================================
[system] turn: 3
check
x=0, 0
check2
AAQA
x=1, 1
x=2, 1
x=3, 1
x=4, 0
check2
AAQA
x=5, 1
x=6, 1
x=7, 0
check2
AAQA
x=8, 1
x=9, 1
x=10, 1
x=11, 0
check2
AAQA
  186  198  208  218  230  242  240  228  218  206  194  182
  171  183  193  203  215  227  225  213  203  191  179  167
  156  168  178  188  200  212  210  198  188  176  164  152
  141  153  163  173  185  197  195  183  173  161  149  137
  126  138  148  158  170  182  180  168  158  146  134  122
  111  123  133  143  155  167  165  153  143  131  119  107
   96  108  118  128  140  152  150  138  128  116  104   92
   81   93  103  113  125  137  135  123  113  101   89   77
   66   78   88   98  110  122  120  108   98   86   74   62
   51   63   73   83   95  107  105   93   83   73   59   47
   38    0    0 1000  998  998  998  998  998    0    0   36
   25    0    0    0    0    0    0    0    0    0    0   23
   12    0    0    0   12    0    0   12    0    0    0   12
   -3  -15  -15  -15   -3  -15  -15   -3  -15  -15  -15   -3
  -18  -30  -30  -30  -18  -30  -30  -18  -30  -30  -30  -18
  -33  -45  -45  -45  -33  -45  -45  -33  -45  -45  -45  -33
  -48  -60  -60  -60  -48  -60  -60  -48  -60  -60  -60  -48
  -6
[system] stderr output have reached the limit(MAX_SIZE=32768 bytes)
[system] spend time: 20, remain: 117952
[system] ================================
[system] turn: 4
[system] spend time: 51, remain: 117881
[system] ================================
[system] turn: 5
[system] spend time: 12, remain: 117818
[system] ================================
[system] turn: 6
[system] spend time: 31, remain: 117775
[system] ================================
[system] turn: 7
[system] spend time: 59, remain: 117685
[system] ================================
[system] turn: 8
[system] spend time: 63, remain: 117563
[system] ================================
[system] turn: 9
[system] spend time: 39, remain: 117461
[system] ================================
[system] turn: 10
[system] spend time: 91, remain: 117331
[system] ================================
[system] turn: 11
[system] spend time: 56, remain: 117184
[system] ================================
[system] turn: 12
[system] spend time: 24, remain: 117104
[system] ================================
[system] turn: 13
[system] spend time: 67, remain: 117013
[system] ================================
[system] turn: 14
[system] spend time: 79, remain: 116867
[system] ================================
[system] turn: 15
[system] spend time: 64, remain: 116724
[system] ================================
[system] turn: 16
[system] spend time: 103, remain: 116557
[system] ================================
[system] turn: 17
[system] spend time: 115, remain: 116339
[system] ================================
[system] turn: 18
[system] spend time: 191, remain: 116033
[system] ================================
[system] turn: 19
[system] spend time: 64, remain: 115778
[system] ================================
[system] turn: 20
[system] spend time: 91, remain: 115623
[system] ================================
[system] turn: 21
[system] spend time: 63, remain: 115469
[system] ================================
[system] turn: 22
[system] spend time: 79, remain: 115327
[system] ================================
[system] turn: 23
[system] spend time: 72, remain: 115176
[system] ================================
[system] turn: 24
[system] spend time: 51, remain: 115053
[system] ================================
[system] turn: 25
[system] spend time: 35, remain: 114967
[system] ================================
[system] turn: 26
[system] spend time: 36, remain: 114896
[system] ================================
[system] turn: 27
[system] spend time: 24, remain: 114836
[system] ================================
[system] turn: 28
[system] spend time: 39, remain: 114773
[system] ================================
[system] turn: 29
[system] spend time: 47, remain: 114687
[system] ================================
[system] turn: 30
[system] spend time: 95, remain: 114545
[system] ================================
[system] turn: 31
[system] spend time: 67, remain: 114383
[system] ================================
[system] turn: 32
[system] spend time: 75, remain: 114241
[system] ================================
[system] turn: 33
[system] spend time: 43, remain: 114123
[system] ================================
[system] turn: 34
[system] spend time: 60, remain: 114020
[system] ================================
[system] turn: 35
[system] spend time: 32, remain: 113928
[system] ================================
[system] turn: 36
[system] spend time: 36, remain: 113860
[system] ================================
[system] turn: 37
[system] spend time: 35, remain: 113789
[system] ================================
[system] turn: 38
[system] spend time: 12, remain: 113742
[system] ================================
[system] turn: 39
[system] spend time: 15, remain: 113715
[system] ================================
[system] turn: 40
[system] spend time: 16, remain: 113684
[system] ================================
[system] turn: 41
[system] spend time: 31, remain: 113637
[system] ================================
[system] turn: 42
[system] spend time: 39, remain: 113567
[system] ================================
[system] turn: 43
[system] spend time: 39, remain: 113489
[system] ================================
[system] turn: 44
[system] spend time: 23, remain: 113427
[system] ================================
[system] turn: 45
[system] spend time: 39, remain: 113365
[system] ================================
[system] turn: 46
[system] spend time: 75, remain: 113251
[system] ================================
[system] turn: 47
[system] spend time: 87, remain: 113089
[system] ================================
[system] turn: 48
[system] spend time: 63, remain: 112939
[system] ================================
[system] turn: 49
[system] spend time: 36, remain: 112840
[system] ================================
[system] turn: 50
[system] spend time: 48, remain: 112756
[system] ================================
[system] turn: 51
[system] spend time: 44, remain: 112664
[system] ================================
[system] turn: 52
[system] spend time: 103, remain: 112517
[system] ================================
[system] turn: 53
[system] spend time: 99, remain: 112315
[system] ================================
[system] turn: 54
[system] spend time: 147, remain: 112069
[system] ================================
[system] turn: 55
[system] spend time: 111, remain: 111811
[system] ================================
[system] turn: 56
[system] spend time: 36, remain: 111664
[system] ================================
[system] turn: 57
[system] spend time: 103, remain: 111525
[system] ================================
[system] turn: 58
[system] spend time: 79, remain: 111343
[system] ================================
[system] turn: 59
[system] spend time: 87, remain: 111177
[system] ================================
[system] turn: 60
[system] spend time: 67, remain: 111023
[system] ================================
[system] turn: 61
[system] spend time: 76, remain: 110880
[system] ================================
[system] turn: 62
[system] spend time: 143, remain: 110661
[system] ================================
[system] turn: 63
[system] spend time: 68, remain: 110450
[system] ================================
[system] turn: 64
[system] spend time: 55, remain: 110327
[system] ================================
[system] turn: 65
[system] spend time: 115, remain: 110157
[system] ================================
[system] turn: 66
[system] spend time: 99, remain: 109943
[system] ================================
[system] turn: 67
[system] spend time: 115, remain: 109729
[system] ================================
[system] turn: 68
[system] spend time: 87, remain: 109527
[system] ================================
[system] turn: 69
[system] spend time: 147, remain: 109293
[system] ================================
[system] turn: 70
[system] spend time: 60, remain: 109086
[system] ================================
[system] turn: 71
[system] spend time: 56, remain: 108970
[system] ================================
[system] turn: 72
[system] spend time: 75, remain: 108839
[system] ================================
[system] turn: 73
[system] spend time: 123, remain: 108641
[system] ================================
[system] turn: 74
[system] spend time: 123, remain: 108395
[system] ================================
[system] turn: 75
[system] spend time: 51, remain: 108221
[system] ================================
[system] turn: 76
[system] spend time: 52, remain: 108118
[system] ================================
[system] turn: 77
[system] spend time: 103, remain: 107963
[system] ================================
[system] turn: 78
[system] spend time: 83, remain: 107777
[system] ================================
[system] turn: 79
[system] spend time: 79, remain: 107615
[system] ================================
[system] turn: 80
[system] spend time: 20, remain: 107516
[system] ================================
[system] turn: 81
[system] spend time: 119, remain: 107377
[system] ================================
[system] turn: 82
[system] spend time: 183, remain: 107075
[system] ================================
[system] turn: 83
[system] spend time: 107, remain: 106785
[system] ================================
[system] turn: 84
[system] spend time: 40, remain: 106638
[system] ================================
[system] turn: 85
[system] spend time: 31, remain: 106567
[system] ================================
[system] turn: 86
[system] spend time: 31, remain: 106505
[system] ================================
[system] turn: 87
[system] spend time: 11, remain: 106463
[system] ================================
[system] turn: 88
[system] spend time: 12, remain: 106440
[system] ================================
[system] turn: 89
[system] spend time: 11, remain: 106417
[system] ================================
[system] turn: 90
[system] spend time: 12, remain: 106394
[system] terminate your AI: "OurJOCKEY"
[system] 	error code: 0
[system] 	message: "No error
