120000
93
11 93
11
0
120000
7 0 0 0
3 0 0 0
0 0 0 0 0 0 0 0 0 0 0
0 0 0 0 1 0 0 0 0 0 0
0 1 0 1 0 0 0 0 0 0 0
1 1 0 0 0 0 0 0 0 0 0
0 0 0 0 0 1 0 0 1 0 0
0 0 0 0 0 0 0 0 0 0 0
2 2 2 2 2 2 2 2 2 2 2
0 0 0 1 0 0 1 0 1 1 1
1 1 0 0 0 1 1 1 1 0 1
0 0 0 0 0 0 0 0 0 0 0
1 0 0 0 1 1 0 0 1 0 0
-1 -1 -1 -1 -1 -1 -1 -1 -1 -1 -1
-1 -1 -1 -1 -1 -1 -1 -1 -1 -1 -1
-1 -1 -1 -1 -1 -1 -1 -1 -1 -1 -1
-1 -1 -1 -1 -1 -1 -1 -1 -1 -1 -1
-1 -1 -1 -1 -1 -1 -1 -1 -1 -1 -1
-1 -1 -1 -1 -1 -1 -1 -1 -1 -1 -1
-1 -1 -1 -1 -1 -1 -1 -1 -1 -1 -1
-1 -1 -1 -1 -1 -1 -1 -1 -1 -1 -1
-1 -1 -1 -1 -1 -1 -1 -1 -1 -1 -1
-1 -1 -1 -1 -1 -1 -1 -1 -1 -1 -1
-1 -1 -1 -1 -1 -1 -1 -1 -1 -1 -1
-1 -1 -1 -1 -1 -1 -1 -1 -1 -1 -1
-1 -1 -1 -1 -1 -1 -1 -1 -1 -1 -1
-1 -1 -1 -1 -1 -1 -1 -1 -1 -1 -1
-1 -1 -1 -1 -1 -1 -1 -1 -1 -1 -1
-1 -1 -1 -1 -1 -1 -1 -1 -1 -1 -1
-1 -1 -1 -1 -1 -1 -1 -1 -1 -1 -1
-1 -1 -1 -1 -1 -1 -1 -1 -1 -1 -1
-1 -1 -1 -1 -1 -1 -1 -1 -1 -1 -1
-1 -1 -1 -1 -1 -1 -1 -1 -1 -1 -1
-1 -1 -1 -1 -1 -1 -1 -1 -1 -1 -1
-1 -1 -1 -1 -1 -1 -1 -1 -1 -1 -1
-1 -1 -1 -1 -1 -1 -1 -1 -1 -1 -1
-1 -1 -1 -1 -1 -1 -1 -1 -1 -1 -1
-1 -1 -1 -1 -1 -1 -1 -1 -1 -1 -1
-1 -1 -1 -1 -1 -1 -1 -1 -1 -1 -1
-1 -1 -1 -1 -1 -1 -1 -1 -1 -1 -1
-1 -1 -1 -1 -1 -1 -1 -1 -1 -1 -1
-1 -1 -1 -1 -1 -1 -1 -1 -1 -1 -1
-1 -1 -1 -1 -1 -1 -1 -1 -1 -1 -1
-1 -1 -1 -1 -1 -1 -1 -1 -1 -1 -1
-1 -1 -1 -1 -1 -1 -1 -1 -1 -1 -1
-1 -1 -1 -1 -1 -1 -1 -1 -1 -1 -1
-1 -1 -1 -1 -1 -1 -1 -1 -1 -1 -1
-1 -1 -1 -1 -1 -1 -1 -1 -1 -1 -1
-1 -1 -1 -1 -1 -1 -1 -1 -1 -1 -1
-1 -1 -1 -1 -1 -1 -1 -1 -1 -1 -1
-1 -1 -1 -1 -1 -1 -1 -1 -1 -1 -1
-1 -1 -1 -1 -1 -1 -1 -1 -1 -1 -1
-1 -1 -1 -1 -1 -1 -1 -1 -1 -1 -1
-1 -1 -1 -1 -1 -1 -1 -1 -1 -1 -1
-1 -1 -1 -1 -1 -1 -1 -1 -1 -1 -1
-1 -1 -1 -1 -1 -1 -1 -1 -1 -1 -1
-1 -1 -1 -1 -1 -1 -1 -1 -1 -1 -1
-1 -1 -1 -1 -1 -1 -1 -1 -1 -1 -1
-1 -1 -1 -1 -1 -1 -1 -1 -1 -1 -1
-1 -1 -1 -1 -1 -1 -1 -1 -1 -1 -1
-1 -1 -1 -1 -1 -1 -1 -1 -1 -1 -1
-1 -1 -1 -1 -1 -1 -1 -1 -1 -1 -1
-1 -1 -1 -1 -1 -1 -1 -1 -1 -1 -1
-1 -1 -1 -1 -1 -1 -1 -1 -1 -1 -1
-1 -1 -1 -1 -1 -1 -1 -1 -1 -1 -1
-1 -1 -1 -1 -1 -1 -1 -1 -1 -1 -1
-1 -1 -1 -1 -1 -1 -1 -1 -1 -1 -1
-1 -1 -1 -1 -1 -1 -1 -1 -1 -1 -1
-1 -1 -1 -1 -1 -1 -1 -1 -1 -1 -1
-1 -1 -1 -1 -1 -1 -1 -1 -1 -1 -1
-1 -1 -1 -1 -1 -1 -1 -1 -1 -1 -1
-1 -1 -1 -1 -1 -1 -1 -1 -1 -1 -1
-1 -1 -1 -1 -1 -1 -1 -1 -1 -1 -1
-1 -1 -1 -1 -1 -1 -1 -1 -1 -1 -1
-1 -1 -1 -1 -1 -1 -1 -1 -1 -1 -1
-1 -1 -1 -1 -1 -1 -1 -1 -1 -1 -1
-1 -1 -1 -1 -1 -1 -1 -1 -1 -1 -1
-1 -1 -1 -1 -1 -1 -1 -1 -1 -1 -1
-1 -1 -1 -1 -1 -1 -1 -1 -1 -1 -1
-1 -1 -1 -1 -1 -1 -1 -1 -1 -1 -1
-1 -1 -1 -1 -1 -1 -1 -1 -1 -1 -1
-1 -1 -1 -1 -1 -1 -1 -1 -1 -1 -1
-1 -1 -1 -1 -1 -1 -1 -1 -1 -1 -1
-1 -1 -1 -1 -1 -1 -1 -1 -1 -1 -1
-1 -1 -1 -1 -1 -1 -1 -1 -1 -1 -1
-1 -1 -1 -1 -1 -1 -1 -1 -1 -1 -1
-1 -1 -1 -1 -1 -1 -1 -1 -1 -1 -1
-1 -1 -1 -1 -1 -1 -1 -1 -1 -1 -1
-1 -1 -1 -1 -1 -1 -1 -1 -1 -1 -1
-1 -1 -1 -1 -1 -1 -1 -1 -1 -1 -1
-1 -1 -1 -1 -1 -1 -1 -1 -1 -1 -1
-1 -1 -1 -1 -1 -1 -1 -1 -1 -1 -1
-1 -1 -1 -1 -1 -1 -1 -1 -1 -1 -1
-1 -1 -1 -1 -1 -1 -1 -1 -1 -1 -1
-1 -1 -1 -1 -1 -1 -1 -1 -1 -1 -1
1
119490
7 1 0 1
2 1 -1 1
0 0 0 0 0 0 0 0 0 0 0
0 0 0 0 1 0 0 0 0 0 0
0 1 0 1 0 0 0 0 0 0 0
1 1 0 0 0 0 0 0 0 0 0
0 0 0 0 0 1 0 0 1 0 0
0 0 0 0 0 0 0 0 0 0 0
2 2 2 2 2 2 2 2 2 2 2
0 0 0 1 0 0 1 0 1 1 1
1 1 0 0 0 1 1 1 1 0 1
0 0 0 0 0 0 0 0 0 0 0
1 0 0 0 1 1 0 0 1 0 0
0 1 0 0 0 1 0 0 0 0 0
-1 -1 -1 -1 -1 -1 -1 -1 -1 -1 -1
-1 -1 -1 -1 -1 -1 -1 -1 -1 -1 -1
-1 -1 -1 -1 -1 -1 -1 -1 -1 -1 -1
-1 -1 -1 -1 -1 -1 -1 -1 -1 -1 -1
-1 -1 -1 -1 -1 -1 -1 -1 -1 -1 -1
-1 -1 -1 -1 -1 -1 -1 -1 -1 -1 -1
-1 -1 -1 -1 -1 -1 -1 -1 -1 -1 -1
-1 -1 -1 -1 -1 -1 -1 -1 -1 -1 -1
-1 -1 -1 -1 -1 -1 -1 -1 -1 -1 -1
-1 -1 -1 -1 -1 -1 -1 -1 -1 -1 -1
-1 -1 -1 -1 -1 -1 -1 -1 -1 -1 -1
-1 -1 -1 -1 -1 -1 -1 -1 -1 -1 -1
-1 -1 -1 -1 -1 -1 -1 -1 -1 -1 -1
-1 -1 -1 -1 -1 -1 -1 -1 -1 -1 -1
-1 -1 -1 -1 -1 -1 -1 -1 -1 -1 -1
-1 -1 -1 -1 -1 -1 -1 -1 -1 -1 -1
-1 -1 -1 -1 -1 -1 -1 -1 -1 -1 -1
-1 -1 -1 -1 -1 -1 -1 -1 -1 -1 -1
-1 -1 -1 -1 -1 -1 -1 -1 -1 -1 -1
-1 -1 -1 -1 -1 -1 -1 -1 -1 -1 -1
-1 -1 -1 -1 -1 -1 -1 -1 -1 -1 -1
-1 -1 -1 -1 -1 -1 -1 -1 -1 -1 -1
-1 -1 -1 -1 -1 -1 -1 -1 -1 -1 -1
-1 -1 -1 -1 -1 -1 -1 -1 -1 -1 -1
-1 -1 -1 -1 -1 -1 -1 -1 -1 -1 -1
-1 -1 -1 -1 -1 -1 -1 -1 -1 -1 -1
-1 -1 -1 -1 -1 -1 -1 -1 -1 -1 -1
-1 -1 -1 -1 -1 -1 -1 -1 -1 -1 -1
-1 -1 -1 -1 -1 -1 -1 -1 -1 -1 -1
-1 -1 -1 -1 -1 -1 -1 -1 -1 -1 -1
-1 -1 -1 -1 -1 -1 -1 -1 -1 -1 -1
-1 -1 -1 -1 -1 -1 -1 -1 -1 -1 -1
-1 -1 -1 -1 -1 -1 -1 -1 -1 -1 -1
-1 -1 -1 -1 -1 -1 -1 -1 -1 -1 -1
-1 -1 -1 -1 -1 -1 -1 -1 -1 -1 -1
-1 -1 -1 -1 -1 -1 -1 -1 -1 -1 -1
-1 -1 -1 -1 -1 -1 -1 -1 -1 -1 -1
-1 -1 -1 -1 -1 -1 -1 -1 -1 -1 -1
-1 -1 -1 -1 -1 -1 -1 -1 -1 -1 -1
-1 -1 -1 -1 -1 -1 -1 -1 -1 -1 -1
-1 -1 -1 -1 -1 -1 -1 -1 -1 -1 -1
-1 -1 -1 -1 -1 -1 -1 -1 -1 -1 -1
-1 -1 -1 -1 -1 -1 -1 -1 -1 -1 -1
-1 -1 -1 -1 -1 -1 -1 -1 -1 -1 -1
-1 -1 -1 -1 -1 -1 -1 -1 -1 -1 -1
-1 -1 -1 -1 -1 -1 -1 -1 -1 -1 -1
-1 -1 -1 -1 -1 -1 -1 -1 -1 -1 -1
-1 -1 -1 -1 -1 -1 -1 -1 -1 -1 -1
-1 -1 -1 -1 -1 -1 -1 -1 -1 -1 -1
-1 -1 -1 -1 -1 -1 -1 -1 -1 -1 -1
-1 -1 -1 -1 -1 -1 -1 -1 -1 -1 -1
-1 -1 -1 -1 -1 -1 -1 -1 -1 -1 -1
-1 -1 -1 -1 -1 -1 -1 -1 -1 -1 -1
-1 -1 -1 -1 -1 -1 -1 -1 -1 -1 -1
-1 -1 -1 -1 -1 -1 -1 -1 -1 -1 -1
-1 -1 -1 -1 -1 -1 -1 -1 -1 -1 -1
-1 -1 -1 -1 -1 -1 -1 -1 -1 -1 -1
-1 -1 -1 -1 -1 -1 -1 -1 -1 -1 -1
-1 -1 -1 -1 -1 -1 -1 -1 -1 -1 -1
-1 -1 -1 -1 -1 -1 -1 -1 -1 -1 -1
-1 -1 -1 -1 -1 -1 -1 -1 -1 -1 -1
-1 -1 -1 -1 -1 -1 -1 -1 -1 -1 -1
-1 -1 -1 -1 -1 -1 -1 -1 -1 -1 -1
-1 -1 -1 -1 -1 -1 -1 -1 -1 -1 -1
-1 -1 -1 -1 -1 -1 -1 -1 -1 -1 -1
-1 -1 -1 -1 -1 -1 -1 -1 -1 -1 -1
-1 -1 -1 -1 -1 -1 -1 -1 -1 -1 -1
-1 -1 -1 -1 -1 -1 -1 -1 -1 -1 -1
-1 -1 -1 -1 -1 -1 -1 -1 -1 -1 -1
-1 -1 -1 -1 -1 -1 -1 -1 -1 -1 -1
-1 -1 -1 -1 -1 -1 -1 -1 -1 -1 -1
-1 -1 -1 -1 -1 -1 -1 -1 -1 -1 -1
-1 -1 -1 -1 -1 -1 -1 -1 -1 -1 -1
-1 -1 -1 -1 -1 -1 -1 -1 -1 -1 -1
-1 -1 -1 -1 -1 -1 -1 -1 -1 -1 -1
-1 -1 -1 -1 -1 -1 -1 -1 -1 -1 -1
-1 -1 -1 -1 -1 -1 -1 -1 -1 -1 -1
-1 -1 -1 -1 -1 -1 -1 -1 -1 -1 -1
-1 -1 -1 -1 -1 -1 -1 -1 -1 -1 -1
-1 -1 -1 -1 -1 -1 -1 -1 -1 -1 -1
-1 -1 -1 -1 -1 -1 -1 -1 -1 -1 -1
2
119140
7 3 0 2
2 3 0 2
0 0 0 0 0 0 0 0 0 0 0
0 0 0 0 1 0 0 0 0 0 0
0 1 0 1 0 0 0 0 0 0 0
1 1 0 0 0 0 0 0 0 0 0
0 0 0 0 0 1 0 0 1 0 0
0 0 0 0 0 0 0 0 0 0 0
2 2 2 2 2 2 2 2 2 2 2
0 0 0 1 0 0 1 0 1 1 1
1 1 0 0 0 1 1 1 1 0 1
0 0 0 0 0 0 0 0 0 0 0
1 0 0 0 1 1 0 0 1 0 0
0 1 0 0 0 1 0 0 0 0 0
0 0 0 0 1 0 0 0 0 0 1
0 0 0 0 0 0 0 0 0 0 0
-1 -1 -1 -1 -1 -1 -1 -1 -1 -1 -1
-1 -1 -1 -1 -1 -1 -1 -1 -1 -1 -1
-1 -1 -1 -1 -1 -1 -1 -1 -1 -1 -1
-1 -1 -1 -1 -1 -1 -1 -1 -1 -1 -1
-1 -1 -1 -1 -1 -1 -1 -1 -1 -1 -1
-1 -1 -1 -1 -1 -1 -1 -1 -1 -1 -1
-1 -1 -1 -1 -1 -1 -1 -1 -1 -1 -1
-1 -1 -1 -1 -1 -1 -1 -1 -1 -1 -1
-1 -1 -1 -1 -1 -1 -1 -1 -1 -1 -1
-1 -1 -1 -1 -1 -1 -1 -1 -1 -1 -1
-1 -1 -1 -1 -1 -1 -1 -1 -1 -1 -1
-1 -1 -1 -1 -1 -1 -1 -1 -1 -1 -1
-1 -1 -1 -1 -1 -1 -1 -1 -1 -1 -1
-1 -1 -1 -1 -1 -1 -1 -1 -1 -1 -1
-1 -1 -1 -1 -1 -1 -1 -1 -1 -1 -1
-1 -1 -1 -1 -1 -1 -1 -1 -1 -1 -1
-1 -1 -1 -1 -1 -1 -1 -1 -1 -1 -1
-1 -1 -1 -1 -1 -1 -1 -1 -1 -1 -1
-1 -1 -1 -1 -1 -1 -1 -1 -1 -1 -1
-1 -1 -1 -1 -1 -1 -1 -1 -1 -1 -1
-1 -1 -1 -1 -1 -1 -1 -1 -1 -1 -1
-1 -1 -1 -1 -1 -1 -1 -1 -1 -1 -1
-1 -1 -1 -1 -1 -1 -1 -1 -1 -1 -1
-1 -1 -1 -1 -1 -1 -1 -1 -1 -1 -1
-1 -1 -1 -1 -1 -1 -1 -1 -1 -1 -1
-1 -1 -1 -1 -1 -1 -1 -1 -1 -1 -1
-1 -1 -1 -1 -1 -1 -1 -1 -1 -1 -1
-1 -1 -1 -1 -1 -1 -1 -1 -1 -1 -1
-1 -1 -1 -1 -1 -1 -1 -1 -1 -1 -1
-1 -1 -1 -1 -1 -1 -1 -1 -1 -1 -1
-1 -1 -1 -1 -1 -1 -1 -1 -1 -1 -1
-1 -1 -1 -1 -1 -1 -1 -1 -1 -1 -1
-1 -1 -1 -1 -1 -1 -1 -1 -1 -1 -1
-1 -1 -1 -1 -1 -1 -1 -1 -1 -1 -1
-1 -1 -1 -1 -1 -1 -1 -1 -1 -1 -1
-1 -1 -1 -1 -1 -1 -1 -1 -1 -1 -1
-1 -1 -1 -1 -1 -1 -1 -1 -1 -1 -1
-1 -1 -1 -1 -1 -1 -1 -1 -1 -1 -1
-1 -1 -1 -1 -1 -1 -1 -1 -1 -1 -1
-1 -1 -1 -1 -1 -1 -1 -1 -1 -1 -1
-1 -1 -1 -1 -1 -1 -1 -1 -1 -1 -1
-1 -1 -1 -1 -1 -1 -1 -1 -1 -1 -1
-1 -1 -1 -1 -1 -1 -1 -1 -1 -1 -1
-1 -1 -1 -1 -1 -1 -1 -1 -1 -1 -1
-1 -1 -1 -1 -1 -1 -1 -1 -1 -1 -1
-1 -1 -1 -1 -1 -1 -1 -1 -1 -1 -1
-1 -1 -1 -1 -1 -1 -1 -1 -1 -1 -1
-1 -1 -1 -1 -1 -1 -1 -1 -1 -1 -1
-1 -1 -1 -1 -1 -1 -1 -1 -1 -1 -1
-1 -1 -1 -1 -1 -1 -1 -1 -1 -1 -1
-1 -1 -1 -1 -1 -1 -1 -1 -1 -1 -1
-1 -1 -1 -1 -1 -1 -1 -1 -1 -1 -1
-1 -1 -1 -1 -1 -1 -1 -1 -1 -1 -1
-1 -1 -1 -1 -1 -1 -1 -1 -1 -1 -1
-1 -1 -1 -1 -1 -1 -1 -1 -1 -1 -1
-1 -1 -1 -1 -1 -1 -1 -1 -1 -1 -1
-1 -1 -1 -1 -1 -1 -1 -1 -1 -1 -1
-1 -1 -1 -1 -1 -1 -1 -1 -1 -1 -1
-1 -1 -1 -1 -1 -1 -1 -1 -1 -1 -1
-1 -1 -1 -1 -1 -1 -1 -1 -1 -1 -1
-1 -1 -1 -1 -1 -1 -1 -1 -1 -1 -1
-1 -1 -1 -1 -1 -1 -1 -1 -1 -1 -1
-1 -1 -1 -1 -1 -1 -1 -1 -1 -1 -1
-1 -1 -1 -1 -1 -1 -1 -1 -1 -1 -1
-1 -1 -1 -1 -1 -1 -1 -1 -1 -1 -1
-1 -1 -1 -1 -1 -1 -1 -1 -1 -1 -1
-1 -1 -1 -1 -1 -1 -1 -1 -1 -1 -1
-1 -1 -1 -1 -1 -1 -1 -1 -1 -1 -1
-1 -1 -1 -1 -1 -1 -1 -1 -1 -1 -1
-1 -1 -1 -1 -1 -1 -1 -1 -1 -1 -1
-1 -1 -1 -1 -1 -1 -1 -1 -1 -1 -1
-1 -1 -1 -1 -1 -1 -1 -1 -1 -1 -1
-1 -1 -1 -1 -1 -1 -1 -1 -1 -1 -1
-1 -1 -1 -1 -1 -1 -1 -1 -1 -1 -1
-1 -1 -1 -1 -1 -1 -1 -1 -1 -1 -1
-1 -1 -1 -1 -1 -1 -1 -1 -1 -1 -1
-1 -1 -1 -1 -1 -1 -1 -1 -1 -1 -1
-1 -1 -1 -1 -1 -1 -1 -1 -1 -1 -1
-1 -1 -1 -1 -1 -1 -1 -1 -1 -1 -1
3
118822
6 5 -1 2
2 5 0 2
0 0 0 0 0 0 0 0 0 0 0
0 0 0 0 1 0 0 0 0 0 0
0 1 0 1 0 0 0 0 0 0 0
1 1 0 0 0 0 0 0 0 0 0
0 0 0 0 0 1 0 0 1 0 0
0 0 0 0 0 0 0 0 0 0 0
2 2 2 2 2 2 2 2 2 2 2
0 0 0 1 0 0 1 0 1 1 1
1 1 0 0 0 1 1 1 1 0 1
0 0 0 0 0 0 0 0 0 0 0
1 0 0 0 1 1 0 0 1 0 0
0 1 0 0 0 1 0 0 0 0 0
0 0 0 0 1 0 0 0 0 0 1
0 0 0 0 0 0 0 0 0 0 0
2 2 2 2 2 2 0 2 2 2 2
2 2 2 2 2 2 2 2 2 2 2
-1 -1 -1 -1 -1 -1 -1 -1 -1 -1 -1
-1 -1 -1 -1 -1 -1 -1 -1 -1 -1 -1
-1 -1 -1 -1 -1 -1 -1 -1 -1 -1 -1
-1 -1 -1 -1 -1 -1 -1 -1 -1 -1 -1
-1 -1 -1 -1 -1 -1 -1 -1 -1 -1 -1
-1 -1 -1 -1 -1 -1 -1 -1 -1 -1 -1
-1 -1 -1 -1 -1 -1 -1 -1 -1 -1 -1
-1 -1 -1 -1 -1 -1 -1 -1 -1 -1 -1
-1 -1 -1 -1 -1 -1 -1 -1 -1 -1 -1
-1 -1 -1 -1 -1 -1 -1 -1 -1 -1 -1
-1 -1 -1 -1 -1 -1 -1 -1 -1 -1 -1
-1 -1 -1 -1 -1 -1 -1 -1 -1 -1 -1
-1 -1 -1 -1 -1 -1 -1 -1 -1 -1 -1
-1 -1 -1 -1 -1 -1 -1 -1 -1 -1 -1
-1 -1 -1 -1 -1 -1 -1 -1 -1 -1 -1
-1 -1 -1 -1 -1 -1 -1 -1 -1 -1 -1
-1 -1 -1 -1 -1 -1 -1 -1 -1 -1 -1
-1 -1 -1 -1 -1 -1 -1 -1 -1 -1 -1
-1 -1 -1 -1 -1 -1 -1 -1 -1 -1 -1
-1 -1 -1 -1 -1 -1 -1 -1 -1 -1 -1
-1 -1 -1 -1 -1 -1 -1 -1 -1 -1 -1
-1 -1 -1 -1 -1 -1 -1 -1 -1 -1 -1
-1 -1 -1 -1 -1 -1 -1 -1 -1 -1 -1
-1 -1 -1 -1 -1 -1 -1 -1 -1 -1 -1
-1 -1 -1 -1 -1 -1 -1 -1 -1 -1 -1
-1 -1 -1 -1 -1 -1 -1 -1 -1 -1 -1
-1 -1 -1 -1 -1 -1 -1 -1 -1 -1 -1
-1 -1 -1 -1 -1 -1 -1 -1 -1 -1 -1
-1 -1 -1 -1 -1 -1 -1 -1 -1 -1 -1
-1 -1 -1 -1 -1 -1 -1 -1 -1 -1 -1
-1 -1 -1 -1 -1 -1 -1 -1 -1 -1 -1
-1 -1 -1 -1 -1 -1 -1 -1 -1 -1 -1
-1 -1 -1 -1 -1 -1 -1 -1 -1 -1 -1
-1 -1 -1 -1 -1 -1 -1 -1 -1 -1 -1
-1 -1 -1 -1 -1 -1 -1 -1 -1 -1 -1
-1 -1 -1 -1 -1 -1 -1 -1 -1 -1 -1
-1 -1 -1 -1 -1 -1 -1 -1 -1 -1 -1
-1 -1 -1 -1 -1 -1 -1 -1 -1 -1 -1
-1 -1 -1 -1 -1 -1 -1 -1 -1 -1 -1
-1 -1 -1 -1 -1 -1 -1 -1 -1 -1 -1
-1 -1 -1 -1 -1 -1 -1 -1 -1 -1 -1
-1 -1 -1 -1 -1 -1 -1 -1 -1 -1 -1
-1 -1 -1 -1 -1 -1 -1 -1 -1 -1 -1
-1 -1 -1 -1 -1 -1 -1 -1 -1 -1 -1
-1 -1 -1 -1 -1 -1 -1 -1 -1 -1 -1
-1 -1 -1 -1 -1 -1 -1 -1 -1 -1 -1
-1 -1 -1 -1 -1 -1 -1 -1 -1 -1 -1
-1 -1 -1 -1 -1 -1 -1 -1 -1 -1 -1
-1 -1 -1 -1 -1 -1 -1 -1 -1 -1 -1
-1 -1 -1 -1 -1 -1 -1 -1 -1 -1 -1
-1 -1 -1 -1 -1 -1 -1 -1 -1 -1 -1
-1 -1 -1 -1 -1 -1 -1 -1 -1 -1 -1
-1 -1 -1 -1 -1 -1 -1 -1 -1 -1 -1
-1 -1 -1 -1 -1 -1 -1 -1 -1 -1 -1
-1 -1 -1 -1 -1 -1 -1 -1 -1 -1 -1
-1 -1 -1 -1 -1 -1 -1 -1 -1 -1 -1
-1 -1 -1 -1 -1 -1 -1 -1 -1 -1 -1
-1 -1 -1 -1 -1 -1 -1 -1 -1 -1 -1
-1 -1 -1 -1 -1 -1 -1 -1 -1 -1 -1
-1 -1 -1 -1 -1 -1 -1 -1 -1 -1 -1
-1 -1 -1 -1 -1 -1 -1 -1 -1 -1 -1
-1 -1 -1 -1 -1 -1 -1 -1 -1 -1 -1
-1 -1 -1 -1 -1 -1 -1 -1 -1 -1 -1
-1 -1 -1 -1 -1 -1 -1 -1 -1 -1 -1
-1 -1 -1 -1 -1 -1 -1 -1 -1 -1 -1
-1 -1 -1 -1 -1 -1 -1 -1 -1 -1 -1
-1 -1 -1 -1 -1 -1 -1 -1 -1 -1 -1
-1 -1 -1 -1 -1 -1 -1 -1 -1 -1 -1
-1 -1 -1 -1 -1 -1 -1 -1 -1 -1 -1
-1 -1 -1 -1 -1 -1 -1 -1 -1 -1 -1
-1 -1 -1 -1 -1 -1 -1 -1 -1 -1 -1
-1 -1 -1 -1 -1 -1 -1 -1 -1 -1 -1
-1 -1 -1 -1 -1 -1 -1 -1 -1 -1 -1
-1 -1 -1 -1 -1 -1 -1 -1 -1 -1 -1
-1 -1 -1 -1 -1 -1 -1 -1 -1 -1 -1
-1 -1 -1 -1 -1 -1 -1 -1 -1 -1 -1
-1 -1 -1 -1 -1 -1 -1 -1 -1 -1 -1
4
118472
4 8 -2 3
2 7 0 2
0 0 0 0 0 0 0 0 0 0 0
0 0 0 0 1 0 0 0 0 0 0
0 1 0 1 0 0 0 0 0 0 0
1 1 0 0 0 0 0 0 0 0 0
0 0 0 0 0 1 0 0 1 0 0
0 0 0 0 0 0 0 0 0 0 0
2 2 2 2 2 2 2 2 2 2 2
0 0 0 1 0 0 1 0 1 1 1
1 1 0 0 0 1 1 1 1 0 1
0 0 0 0 0 0 0 0 0 0 0
1 0 0 0 1 1 0 0 1 0 0
0 1 0 0 0 1 0 0 0 0 0
0 0 0 0 1 0 0 0 0 0 1
0 0 0 0 0 0 0 0 0 0 0
2 2 2 2 2 2 0 2 2 2 2
2 2 2 2 2 2 2 2 2 2 2
2 2 2 2 0 2 0 2 2 2 2
0 0 0 0 0 0 0 0 0 2 1
0 0 0 0 1 1 0 0 0 2 0
-1 -1 -1 -1 -1 -1 -1 -1 -1 -1 -1
-1 -1 -1 -1 -1 -1 -1 -1 -1 -1 -1
-1 -1 -1 -1 -1 -1 -1 -1 -1 -1 -1
-1 -1 -1 -1 -1 -1 -1 -1 -1 -1 -1
-1 -1 -1 -1 -1 -1 -1 -1 -1 -1 -1
-1 -1 -1 -1 -1 -1 -1 -1 -1 -1 -1
-1 -1 -1 -1 -1 -1 -1 -1 -1 -1 -1
-1 -1 -1 -1 -1 -1 -1 -1 -1 -1 -1
-1 -1 -1 -1 -1 -1 -1 -1 -1 -1 -1
-1 -1 -1 -1 -1 -1 -1 -1 -1 -1 -1
-1 -1 -1 -1 -1 -1 -1 -1 -1 -1 -1
-1 -1 -1 -1 -1 -1 -1 -1 -1 -1 -1
-1 -1 -1 -1 -1 -1 -1 -1 -1 -1 -1
-1 -1 -1 -1 -1 -1 -1 -1 -1 -1 -1
-1 -1 -1 -1 -1 -1 -1 -1 -1 -1 -1
-1 -1 -1 -1 -1 -1 -1 -1 -1 -1 -1
-1 -1 -1 -1 -1 -1 -1 -1 -1 -1 -1
-1 -1 -1 -1 -1 -1 -1 -1 -1 -1 -1
-1 -1 -1 -1 -1 -1 -1 -1 -1 -1 -1
-1 -1 -1 -1 -1 -1 -1 -1 -1 -1 -1
-1 -1 -1 -1 -1 -1 -1 -1 -1 -1 -1
-1 -1 -1 -1 -1 -1 -1 -1 -1 -1 -1
-1 -1 -1 -1 -1 -1 -1 -1 -1 -1 -1
-1 -1 -1 -1 -1 -1 -1 -1 -1 -1 -1
-1 -1 -1 -1 -1 -1 -1 -1 -1 -1 -1
-1 -1 -1 -1 -1 -1 -1 -1 -1 -1 -1
-1 -1 -1 -1 -1 -1 -1 -1 -1 -1 -1
-1 -1 -1 -1 -1 -1 -1 -1 -1 -1 -1
-1 -1 -1 -1 -1 -1 -1 -1 -1 -1 -1
-1 -1 -1 -1 -1 -1 -1 -1 -1 -1 -1
-1 -1 -1 -1 -1 -1 -1 -1 -1 -1 -1
-1 -1 -1 -1 -1 -1 -1 -1 -1 -1 -1
-1 -1 -1 -1 -1 -1 -1 -1 -1 -1 -1
-1 -1 -1 -1 -1 -1 -1 -1 -1 -1 -1
-1 -1 -1 -1 -1 -1 -1 -1 -1 -1 -1
-1 -1 -1 -1 -1 -1 -1 -1 -1 -1 -1
-1 -1 -1 -1 -1 -1 -1 -1 -1 -1 -1
-1 -1 -1 -1 -1 -1 -1 -1 -1 -1 -1
-1 -1 -1 -1 -1 -1 -1 -1 -1 -1 -1
-1 -1 -1 -1 -1 -1 -1 -1 -1 -1 -1
-1 -1 -1 -1 -1 -1 -1 -1 -1 -1 -1
-1 -1 -1 -1 -1 -1 -1 -1 -1 -1 -1
-1 -1 -1 -1 -1 -1 -1 -1 -1 -1 -1
-1 -1 -1 -1 -1 -1 -1 -1 -1 -1 -1
-1 -1 -1 -1 -1 -1 -1 -1 -1 -1 -1
-1 -1 -1 -1 -1 -1 -1 -1 -1 -1 -1
-1 -1 -1 -1 -1 -1 -1 -1 -1 -1 -1
-1 -1 -1 -1 -1 -1 -1 -1 -1 -1 -1
-1 -1 -1 -1 -1 -1 -1 -1 -1 -1 -1
-1 -1 -1 -1 -1 -1 -1 -1 -1 -1 -1
-1 -1 -1 -1 -1 -1 -1 -1 -1 -1 -1
-1 -1 -1 -1 -1 -1 -1 -1 -1 -1 -1
-1 -1 -1 -1 -1 -1 -1 -1 -1 -1 -1
-1 -1 -1 -1 -1 -1 -1 -1 -1 -1 -1
-1 -1 -1 -1 -1 -1 -1 -1 -1 -1 -1
-1 -1 -1 -1 -1 -1 -1 -1 -1 -1 -1
-1 -1 -1 -1 -1 -1 -1 -1 -1 -1 -1
-1 -1 -1 -1 -1 -1 -1 -1 -1 -1 -1
-1 -1 -1 -1 -1 -1 -1 -1 -1 -1 -1
-1 -1 -1 -1 -1 -1 -1 -1 -1 -1 -1
-1 -1 -1 -1 -1 -1 -1 -1 -1 -1 -1
-1 -1 -1 -1 -1 -1 -1 -1 -1 -1 -1
-1 -1 -1 -1 -1 -1 -1 -1 -1 -1 -1
-1 -1 -1 -1 -1 -1 -1 -1 -1 -1 -1
-1 -1 -1 -1 -1 -1 -1 -1 -1 -1 -1
-1 -1 -1 -1 -1 -1 -1 -1 -1 -1 -1
-1 -1 -1 -1 -1 -1 -1 -1 -1 -1 -1
-1 -1 -1 -1 -1 -1 -1 -1 -1 -1 -1
-1 -1 -1 -1 -1 -1 -1 -1 -1 -1 -1
-1 -1 -1 -1 -1 -1 -1 -1 -1 -1 -1
-1 -1 -1 -1 -1 -1 -1 -1 -1 -1 -1
-1 -1 -1 -1 -1 -1 -1 -1 -1 -1 -1
-1 -1 -1 -1 -1 -1 -1 -1 -1 -1 -1
-1 -1 -1 -1 -1 -1 -1 -1 -1 -1 -1
5
118122
4 8 0 0
3 10 1 3
0 0 0 0 0 0 0 0 0 0 0
0 0 0 0 1 0 0 0 0 0 0
0 1 0 1 0 0 0 0 0 0 0
1 1 0 0 0 0 0 0 0 0 0
0 0 0 0 0 1 0 0 1 0 0
0 0 0 0 0 0 0 0 0 0 0
2 2 2 2 2 2 2 2 2 2 2
0 0 0 1 0 0 1 0 1 1 1
1 1 0 0 0 1 1 1 1 0 1
0 0 0 0 0 0 0 0 0 0 0
1 0 0 0 1 1 0 0 1 0 0
0 1 0 0 0 1 0 0 0 0 0
0 0 0 0 1 0 0 0 0 0 1
0 0 0 0 0 0 0 0 0 0 0
2 2 2 2 2 2 0 2 2 2 2
2 2 2 2 2 2 2 2 2 2 2
2 2 2 2 0 2 0 2 2 2 2
0 0 0 0 0 0 0 0 0 2 1
0 0 0 0 1 1 0 0 0 2 0
0 0 0 0 1 1 0 0 0 0 0
0 0 0 0 1 2 0 0 0 0 0
-1 -1 -1 -1 -1 -1 -1 -1 -1 -1 -1
-1 -1 -1 -1 -1 -1 -1 -1 -1 -1 -1
-1 -1 -1 -1 -1 -1 -1 -1 -1 -1 -1
-1 -1 -1 -1 -1 -1 -1 -1 -1 -1 -1
-1 -1 -1 -1 -1 -1 -1 -1 -1 -1 -1
-1 -1 -1 -1 -1 -1 -1 -1 -1 -1 -1
-1 -1 -1 -1 -1 -1 -1 -1 -1 -1 -1
-1 -1 -1 -1 -1 -1 -1 -1 -1 -1 -1
-1 -1 -1 -1 -1 -1 -1 -1 -1 -1 -1
-1 -1 -1 -1 -1 -1 -1 -1 -1 -1 -1
-1 -1 -1 -1 -1 -1 -1 -1 -1 -1 -1
-1 -1 -1 -1 -1 -1 -1 -1 -1 -1 -1
-1 -1 -1 -1 -1 -1 -1 -1 -1 -1 -1
-1 -1 -1 -1 -1 -1 -1 -1 -1 -1 -1
-1 -1 -1 -1 -1 -1 -1 -1 -1 -1 -1
-1 -1 -1 -1 -1 -1 -1 -1 -1 -1 -1
-1 -1 -1 -1 -1 -1 -1 -1 -1 -1 -1
-1 -1 -1 -1 -1 -1 -1 -1 -1 -1 -1
-1 -1 -1 -1 -1 -1 -1 -1 -1 -1 -1
-1 -1 -1 -1 -1 -1 -1 -1 -1 -1 -1
-1 -1 -1 -1 -1 -1 -1 -1 -1 -1 -1
-1 -1 -1 -1 -1 -1 -1 -1 -1 -1 -1
-1 -1 -1 -1 -1 -1 -1 -1 -1 -1 -1
-1 -1 -1 -1 -1 -1 -1 -1 -1 -1 -1
-1 -1 -1 -1 -1 -1 -1 -1 -1 -1 -1
-1 -1 -1 -1 -1 -1 -1 -1 -1 -1 -1
-1 -1 -1 -1 -1 -1 -1 -1 -1 -1 -1
-1 -1 -1 -1 -1 -1 -1 -1 -1 -1 -1
-1 -1 -1 -1 -1 -1 -1 -1 -1 -1 -1
-1 -1 -1 -1 -1 -1 -1 -1 -1 -1 -1
-1 -1 -1 -1 -1 -1 -1 -1 -1 -1 -1
-1 -1 -1 -1 -1 -1 -1 -1 -1 -1 -1
-1 -1 -1 -1 -1 -1 -1 -1 -1 -1 -1
-1 -1 -1 -1 -1 -1 -1 -1 -1 -1 -1
-1 -1 -1 -1 -1 -1 -1 -1 -1 -1 -1
-1 -1 -1 -1 -1 -1 -1 -1 -1 -1 -1
-1 -1 -1 -1 -1 -1 -1 -1 -1 -1 -1
-1 -1 -1 -1 -1 -1 -1 -1 -1 -1 -1
-1 -1 -1 -1 -1 -1 -1 -1 -1 -1 -1
-1 -1 -1 -1 -1 -1 -1 -1 -1 -1 -1
-1 -1 -1 -1 -1 -1 -1 -1 -1 -1 -1
-1 -1 -1 -1 -1 -1 -1 -1 -1 -1 -1
-1 -1 -1 -1 -1 -1 -1 -1 -1 -1 -1
-1 -1 -1 -1 -1 -1 -1 -1 -1 -1 -1
-1 -1 -1 -1 -1 -1 -1 -1 -1 -1 -1
-1 -1 -1 -1 -1 -1 -1 -1 -1 -1 -1
-1 -1 -1 -1 -1 -1 -1 -1 -1 -1 -1
-1 -1 -1 -1 -1 -1 -1 -1 -1 -1 -1
-1 -1 -1 -1 -1 -1 -1 -1 -1 -1 -1
-1 -1 -1 -1 -1 -1 -1 -1 -1 -1 -1
-1 -1 -1 -1 -1 -1 -1 -1 -1 -1 -1
-1 -1 -1 -1 -1 -1 -1 -1 -1 -1 -1
-1 -1 -1 -1 -1 -1 -1 -1 -1 -1 -1
-1 -1 -1 -1 -1 -1 -1 -1 -1 -1 -1
-1 -1 -1 -1 -1 -1 -1 -1 -1 -1 -1
-1 -1 -1 -1 -1 -1 -1 -1 -1 -1 -1
-1 -1 -1 -1 -1 -1 -1 -1 -1 -1 -1
-1 -1 -1 -1 -1 -1 -1 -1 -1 -1 -1
-1 -1 -1 -1 -1 -1 -1 -1 -1 -1 -1
-1 -1 -1 -1 -1 -1 -1 -1 -1 -1 -1
-1 -1 -1 -1 -1 -1 -1 -1 -1 -1 -1
-1 -1 -1 -1 -1 -1 -1 -1 -1 -1 -1
-1 -1 -1 -1 -1 -1 -1 -1 -1 -1 -1
-1 -1 -1 -1 -1 -1 -1 -1 -1 -1 -1
-1 -1 -1 -1 -1 -1 -1 -1 -1 -1 -1
-1 -1 -1 -1 -1 -1 -1 -1 -1 -1 -1
-1 -1 -1 -1 -1 -1 -1 -1 -1 -1 -1
-1 -1 -1 -1 -1 -1 -1 -1 -1 -1 -1
-1 -1 -1 -1 -1 -1 -1 -1 -1 -1 -1
-1 -1 -1 -1 -1 -1 -1 -1 -1 -1 -1
-1 -1 -1 -1 -1 -1 -1 -1 -1 -1 -1
-1 -1 -1 -1 -1 -1 -1 -1 -1 -1 -1
6
117940
3 9 -1 1
3 13 0 3
0 0 0 0 0 0 0 0 0 0 0
0 0 0 0 1 0 0 0 0 0 0
0 1 0 1 0 0 0 0 0 0 0
1 1 0 0 0 0 0 0 0 0 0
0 0 0 0 0 1 0 0 1 0 0
0 0 0 0 0 0 0 0 0 0 0
2 2 2 2 2 2 2 2 2 2 2
0 0 0 1 0 0 1 0 1 1 1
1 1 0 0 0 1 1 1 1 0 1
0 0 0 0 0 0 0 0 0 0 0
1 0 0 0 1 1 0 0 1 0 0
0 1 0 0 0 1 0 0 0 0 0
0 0 0 0 1 0 0 0 0 0 1
0 0 0 0 0 0 0 0 0 0 0
2 2 2 2 2 2 0 2 2 2 2
2 2 2 2 2 2 2 2 2 2 2
2 2 2 2 0 2 0 2 2 2 2
0 0 0 0 0 0 0 0 0 2 1
0 0 0 0 1 1 0 0 0 2 0
0 0 0 0 1 1 0 0 0 0 0
0 0 0 0 1 2 0 0 0 0 0
0 0 0 0 1 2 0 0 0 0 0
0 0 0 0 0 2 0 0 0 0 0
0 0 0 0 0 2 0 0 0 0 0
-1 -1 -1 -1 -1 -1 -1 -1 -1 -1 -1
-1 -1 -1 -1 -1 -1 -1 -1 -1 -1 -1
-1 -1 -1 -1 -1 -1 -1 -1 -1 -1 -1
-1 -1 -1 -1 -1 -1 -1 -1 -1 -1 -1
-1 -1 -1 -1 -1 -1 -1 -1 -1 -1 -1
-1 -1 -1 -1 -1 -1 -1 -1 -1 -1 -1
-1 -1 -1 -1 -1 -1 -1 -1 -1 -1 -1
-1 -1 -1 -1 -1 -1 -1 -1 -1 -1 -1
-1 -1 -1 -1 -1 -1 -1 -1 -1 -1 -1
-1 -1 -1 -1 -1 -1 -1 -1 -1 -1 -1
-1 -1 -1 -1 -1 -1 -1 -1 -1 -1 -1
-1 -1 -1 -1 -1 -1 -1 -1 -1 -1 -1
-1 -1 -1 -1 -1 -1 -1 -1 -1 -1 -1
-1 -1 -1 -1 -1 -1 -1 -1 -1 -1 -1
-1 -1 -1 -1 -1 -1 -1 -1 -1 -1 -1
-1 -1 -1 -1 -1 -1 -1 -1 -1 -1 -1
-1 -1 -1 -1 -1 -1 -1 -1 -1 -1 -1
-1 -1 -1 -1 -1 -1 -1 -1 -1 -1 -1
-1 -1 -1 -1 -1 -1 -1 -1 -1 -1 -1
-1 -1 -1 -1 -1 -1 -1 -1 -1 -1 -1
-1 -1 -1 -1 -1 -1 -1 -1 -1 -1 -1
-1 -1 -1 -1 -1 -1 -1 -1 -1 -1 -1
-1 -1 -1 -1 -1 -1 -1 -1 -1 -1 -1
-1 -1 -1 -1 -1 -1 -1 -1 -1 -1 -1
-1 -1 -1 -1 -1 -1 -1 -1 -1 -1 -1
-1 -1 -1 -1 -1 -1 -1 -1 -1 -1 -1
-1 -1 -1 -1 -1 -1 -1 -1 -1 -1 -1
-1 -1 -1 -1 -1 -1 -1 -1 -1 -1 -1
-1 -1 -1 -1 -1 -1 -1 -1 -1 -1 -1
-1 -1 -1 -1 -1 -1 -1 -1 -1 -1 -1
-1 -1 -1 -1 -1 -1 -1 -1 -1 -1 -1
-1 -1 -1 -1 -1 -1 -1 -1 -1 -1 -1
-1 -1 -1 -1 -1 -1 -1 -1 -1 -1 -1
-1 -1 -1 -1 -1 -1 -1 -1 -1 -1 -1
-1 -1 -1 -1 -1 -1 -1 -1 -1 -1 -1
-1 -1 -1 -1 -1 -1 -1 -1 -1 -1 -1
-1 -1 -1 -1 -1 -1 -1 -1 -1 -1 -1
-1 -1 -1 -1 -1 -1 -1 -1 -1 -1 -1
-1 -1 -1 -1 -1 -1 -1 -1 -1 -1 -1
-1 -1 -1 -1 -1 -1 -1 -1 -1 -1 -1
-1 -1 -1 -1 -1 -1 -1 -1 -1 -1 -1
-1 -1 -1 -1 -1 -1 -1 -1 -1 -1 -1
-1 -1 -1 -1 -1 -1 -1 -1 -1 -1 -1
-1 -1 -1 -1 -1 -1 -1 -1 -1 -1 -1
-1 -1 -1 -1 -1 -1 -1 -1 -1 -1 -1
-1 -1 -1 -1 -1 -1 -1 -1 -1 -1 -1
-1 -1 -1 -1 -1 -1 -1 -1 -1 -1 -1
-1 -1 -1 -1 -1 -1 -1 -1 -1 -1 -1
-1 -1 -1 -1 -1 -1 -1 -1 -1 -1 -1
-1 -1 -1 -1 -1 -1 -1 -1 -1 -1 -1
-1 -1 -1 -1 -1 -1 -1 -1 -1 -1 -1
-1 -1 -1 -1 -1 -1 -1 -1 -1 -1 -1
-1 -1 -1 -1 -1 -1 -1 -1 -1 -1 -1
-1 -1 -1 -1 -1 -1 -1 -1 -1 -1 -1
-1 -1 -1 -1 -1 -1 -1 -1 -1 -1 -1
-1 -1 -1 -1 -1 -1 -1 -1 -1 -1 -1
-1 -1 -1 -1 -1 -1 -1 -1 -1 -1 -1
-1 -1 -1 -1 -1 -1 -1 -1 -1 -1 -1
-1 -1 -1 -1 -1 -1 -1 -1 -1 -1 -1
-1 -1 -1 -1 -1 -1 -1 -1 -1 -1 -1
-1 -1 -1 -1 -1 -1 -1 -1 -1 -1 -1
-1 -1 -1 -1 -1 -1 -1 -1 -1 -1 -1
-1 -1 -1 -1 -1 -1 -1 -1 -1 -1 -1
-1 -1 -1 -1 -1 -1 -1 -1 -1 -1 -1
-1 -1 -1 -1 -1 -1 -1 -1 -1 -1 -1
-1 -1 -1 -1 -1 -1 -1 -1 -1 -1 -1
-1 -1 -1 -1 -1 -1 -1 -1 -1 -1 -1
-1 -1 -1 -1 -1 -1 -1 -1 -1 -1 -1
-1 -1 -1 -1 -1 -1 -1 -1 -1 -1 -1
7
117846
2 11 -1 2
3 17 0 4
0 0 0 0 0 0 0 0 0 0 0
0 0 0 0 1 0 0 0 0 0 0
0 1 0 1 0 0 0 0 0 0 0
1 1 0 0 0 0 0 0 0 0 0
0 0 0 0 0 1 0 0 1 0 0
0 0 0 0 0 0 0 0 0 0 0
2 2 2 2 2 2 2 2 2 2 2
0 0 0 1 0 0 1 0 1 1 1
1 1 0 0 0 1 1 1 1 0 1
0 0 0 0 0 0 0 0 0 0 0
1 0 0 0 1 1 0 0 1 0 0
0 1 0 0 0 1 0 0 0 0 0
0 0 0 0 1 0 0 0 0 0 1
0 0 0 0 0 0 0 0 0 0 0
2 2 2 2 2 2 0 2 2 2 2
2 2 2 2 2 2 2 2 2 2 2
2 2 2 2 0 2 0 2 2 2 2
0 0 0 0 0 0 0 0 0 2 1
0 0 0 0 1 1 0 0 0 2 0
0 0 0 0 1 1 0 0 0 0 0
0 0 0 0 1 2 0 0 0 0 0
0 0 0 0 1 2 0 0 0 0 0
0 0 0 0 0 2 0 0 0 0 0
0 0 0 0 0 2 0 0 0 0 0
0 0 0 0 0 2 0 0 0 0 0
0 0 0 0 0 2 0 0 0 0 0
0 0 0 0 0 0 0 0 0 0 0
0 0 0 0 0 0 0 0 2 0 1
-1 -1 -1 -1 -1 -1 -1 -1 -1 -1 -1
-1 -1 -1 -1 -1 -1 -1 -1 -1 -1 -1
-1 -1 -1 -1 -1 -1 -1 -1 -1 -1 -1
-1 -1 -1 -1 -1 -1 -1 -1 -1 -1 -1
-1 -1 -1 -1 -1 -1 -1 -1 -1 -1 -1
-1 -1 -1 -1 -1 -1 -1 -1 -1 -1 -1
-1 -1 -1 -1 -1 -1 -1 -1 -1 -1 -1
-1 -1 -1 -1 -1 -1 -1 -1 -1 -1 -1
-1 -1 -1 -1 -1 -1 -1 -1 -1 -1 -1
-1 -1 -1 -1 -1 -1 -1 -1 -1 -1 -1
-1 -1 -1 -1 -1 -1 -1 -1 -1 -1 -1
-1 -1 -1 -1 -1 -1 -1 -1 -1 -1 -1
-1 -1 -1 -1 -1 -1 -1 -1 -1 -1 -1
-1 -1 -1 -1 -1 -1 -1 -1 -1 -1 -1
-1 -1 -1 -1 -1 -1 -1 -1 -1 -1 -1
-1 -1 -1 -1 -1 -1 -1 -1 -1 -1 -1
-1 -1 -1 -1 -1 -1 -1 -1 -1 -1 -1
-1 -1 -1 -1 -1 -1 -1 -1 -1 -1 -1
-1 -1 -1 -1 -1 -1 -1 -1 -1 -1 -1
-1 -1 -1 -1 -1 -1 -1 -1 -1 -1 -1
-1 -1 -1 -1 -1 -1 -1 -1 -1 -1 -1
-1 -1 -1 -1 -1 -1 -1 -1 -1 -1 -1
-1 -1 -1 -1 -1 -1 -1 -1 -1 -1 -1
-1 -1 -1 -1 -1 -1 -1 -1 -1 -1 -1
-1 -1 -1 -1 -1 -1 -1 -1 -1 -1 -1
-1 -1 -1 -1 -1 -1 -1 -1 -1 -1 -1
-1 -1 -1 -1 -1 -1 -1 -1 -1 -1 -1
-1 -1 -1 -1 -1 -1 -1 -1 -1 -1 -1
-1 -1 -1 -1 -1 -1 -1 -1 -1 -1 -1
-1 -1 -1 -1 -1 -1 -1 -1 -1 -1 -1
-1 -1 -1 -1 -1 -1 -1 -1 -1 -1 -1
-1 -1 -1 -1 -1 -1 -1 -1 -1 -1 -1
-1 -1 -1 -1 -1 -1 -1 -1 -1 -1 -1
-1 -1 -1 -1 -1 -1 -1 -1 -1 -1 -1
-1 -1 -1 -1 -1 -1 -1 -1 -1 -1 -1
-1 -1 -1 -1 -1 -1 -1 -1 -1 -1 -1
-1 -1 -1 -1 -1 -1 -1 -1 -1 -1 -1
-1 -1 -1 -1 -1 -1 -1 -1 -1 -1 -1
-1 -1 -1 -1 -1 -1 -1 -1 -1 -1 -1
-1 -1 -1 -1 -1 -1 -1 -1 -1 -1 -1
-1 -1 -1 -1 -1 -1 -1 -1 -1 -1 -1
-1 -1 -1 -1 -1 -1 -1 -1 -1 -1 -1
-1 -1 -1 -1 -1 -1 -1 -1 -1 -1 -1
-1 -1 -1 -1 -1 -1 -1 -1 -1 -1 -1
-1 -1 -1 -1 -1 -1 -1 -1 -1 -1 -1
-1 -1 -1 -1 -1 -1 -1 -1 -1 -1 -1
-1 -1 -1 -1 -1 -1 -1 -1 -1 -1 -1
-1 -1 -1 -1 -1 -1 -1 -1 -1 -1 -1
-1 -1 -1 -1 -1 -1 -1 -1 -1 -1 -1
-1 -1 -1 -1 -1 -1 -1 -1 -1 -1 -1
-1 -1 -1 -1 -1 -1 -1 -1 -1 -1 -1
-1 -1 -1 -1 -1 -1 -1 -1 -1 -1 -1
-1 -1 -1 -1 -1 -1 -1 -1 -1 -1 -1
-1 -1 -1 -1 -1 -1 -1 -1 -1 -1 -1
-1 -1 -1 -1 -1 -1 -1 -1 -1 -1 -1
-1 -1 -1 -1 -1 -1 -1 -1 -1 -1 -1
-1 -1 -1 -1 -1 -1 -1 -1 -1 -1 -1
-1 -1 -1 -1 -1 -1 -1 -1 -1 -1 -1
-1 -1 -1 -1 -1 -1 -1 -1 -1 -1 -1
-1 -1 -1 -1 -1 -1 -1 -1 -1 -1 -1
-1 -1 -1 -1 -1 -1 -1 -1 -1 -1 -1
-1 -1 -1 -1 -1 -1 -1 -1 -1 -1 -1
-1 -1 -1 -1 -1 -1 -1 -1 -1 -1 -1
-1 -1 -1 -1 -1 -1 -1 -1 -1 -1 -1
-1 -1 -1 -1 -1 -1 -1 -1 -1 -1 -1
8
117744
1 13 -1 2
3 22 0 5
0 0 0 0 0 0 0 0 0 0 0
0 0 0 0 1 0 0 0 0 0 0
0 1 0 1 0 0 0 0 0 0 0
1 1 0 0 0 0 0 0 0 0 0
0 0 0 0 0 1 0 0 1 0 0
0 0 0 0 0 0 0 0 0 0 0
2 2 2 2 2 2 2 2 2 2 2
0 0 0 1 0 0 1 0 1 1 1
1 1 0 0 0 1 1 1 1 0 1
0 0 0 0 0 0 0 0 0 0 0
1 0 0 0 1 1 0 0 1 0 0
0 1 0 0 0 1 0 0 0 0 0
0 0 0 0 1 0 0 0 0 0 1
0 0 0 0 0 0 0 0 0 0 0
2 2 2 2 2 2 0 2 2 2 2
2 2 2 2 2 2 2 2 2 2 2
2 2 2 2 0 2 0 2 2 2 2
0 0 0 0 0 0 0 0 0 2 1
0 0 0 0 1 1 0 0 0 2 0
0 0 0 0 1 1 0 0 0 0 0
0 0 0 0 1 2 0 0 0 0 0
0 0 0 0 1 2 0 0 0 0 0
0 0 0 0 0 2 0 0 0 0 0
0 0 0 0 0 2 0 0 0 0 0
0 0 0 0 0 2 0 0 0 0 0
0 0 0 0 0 2 0 0 0 0 0
0 0 0 0 0 0 0 0 0 0 0
0 0 0 0 0 0 0 0 2 0 1
0 0 0 0 2 0 0 0 2 0 1
0 0 0 0 2 0 0 1 2 0 1
0 0 0 0 2 0 0 1 2 0 0
0 0 0 0 0 0 1 1 2 0 0
0 0 0 0 0 0 1 1 2 1 0
-1 -1 -1 -1 -1 -1 -1 -1 -1 -1 -1
-1 -1 -1 -1 -1 -1 -1 -1 -1 -1 -1
-1 -1 -1 -1 -1 -1 -1 -1 -1 -1 -1
-1 -1 -1 -1 -1 -1 -1 -1 -1 -1 -1
-1 -1 -1 -1 -1 -1 -1 -1 -1 -1 -1
-1 -1 -1 -1 -1 -1 -1 -1 -1 -1 -1
-1 -1 -1 -1 -1 -1 -1 -1 -1 -1 -1
-1 -1 -1 -1 -1 -1 -1 -1 -1 -1 -1
-1 -1 -1 -1 -1 -1 -1 -1 -1 -1 -1
-1 -1 -1 -1 -1 -1 -1 -1 -1 -1 -1
-1 -1 -1 -1 -1 -1 -1 -1 -1 -1 -1
-1 -1 -1 -1 -1 -1 -1 -1 -1 -1 -1
-1 -1 -1 -1 -1 -1 -1 -1 -1 -1 -1
-1 -1 -1 -1 -1 -1 -1 -1 -1 -1 -1
-1 -1 -1 -1 -1 -1 -1 -1 -1 -1 -1
-1 -1 -1 -1 -1 -1 -1 -1 -1 -1 -1
-1 -1 -1 -1 -1 -1 -1 -1 -1 -1 -1
-1 -1 -1 -1 -1 -1 -1 -1 -1 -1 -1
-1 -1 -1 -1 -1 -1 -1 -1 -1 -1 -1
-1 -1 -1 -1 -1 -1 -1 -1 -1 -1 -1
-1 -1 -1 -1 -1 -1 -1 -1 -1 -1 -1
-1 -1 -1 -1 -1 -1 -1 -1 -1 -1 -1
-1 -1 -1 -1 -1 -1 -1 -1 -1 -1 -1
-1 -1 -1 -1 -1 -1 -1 -1 -1 -1 -1
-1 -1 -1 -1 -1 -1 -1 -1 -1 -1 -1
-1 -1 -1 -1 -1 -1 -1 -1 -1 -1 -1
-1 -1 -1 -1 -1 -1 -1 -1 -1 -1 -1
-1 -1 -1 -1 -1 -1 -1 -1 -1 -1 -1
-1 -1 -1 -1 -1 -1 -1 -1 -1 -1 -1
-1 -1 -1 -1 -1 -1 -1 -1 -1 -1 -1
-1 -1 -1 -1 -1 -1 -1 -1 -1 -1 -1
-1 -1 -1 -1 -1 -1 -1 -1 -1 -1 -1
-1 -1 -1 -1 -1 -1 -1 -1 -1 -1 -1
-1 -1 -1 -1 -1 -1 -1 -1 -1 -1 -1
-1 -1 -1 -1 -1 -1 -1 -1 -1 -1 -1
-1 -1 -1 -1 -1 -1 -1 -1 -1 -1 -1
-1 -1 -1 -1 -1 -1 -1 -1 -1 -1 -1
-1 -1 -1 -1 -1 -1 -1 -1 -1 -1 -1
-1 -1 -1 -1 -1 -1 -1 -1 -1 -1 -1
-1 -1 -1 -1 -1 -1 -1 -1 -1 -1 -1
-1 -1 -1 -1 -1 -1 -1 -1 -1 -1 -1
-1 -1 -1 -1 -1 -1 -1 -1 -1 -1 -1
-1 -1 -1 -1 -1 -1 -1 -1 -1 -1 -1
-1 -1 -1 -1 -1 -1 -1 -1 -1 -1 -1
-1 -1 -1 -1 -1 -1 -1 -1 -1 -1 -1
-1 -1 -1 -1 -1 -1 -1 -1 -1 -1 -1
-1 -1 -1 -1 -1 -1 -1 -1 -1 -1 -1
-1 -1 -1 -1 -1 -1 -1 -1 -1 -1 -1
-1 -1 -1 -1 -1 -1 -1 -1 -1 -1 -1
-1 -1 -1 -1 -1 -1 -1 -1 -1 -1 -1
-1 -1 -1 -1 -1 -1 -1 -1 -1 -1 -1
-1 -1 -1 -1 -1 -1 -1 -1 -1 -1 -1
-1 -1 -1 -1 -1 -1 -1 -1 -1 -1 -1
-1 -1 -1 -1 -1 -1 -1 -1 -1 -1 -1
-1 -1 -1 -1 -1 -1 -1 -1 -1 -1 -1
-1 -1 -1 -1 -1 -1 -1 -1 -1 -1 -1
-1 -1 -1 -1 -1 -1 -1 -1 -1 -1 -1
-1 -1 -1 -1 -1 -1 -1 -1 -1 -1 -1
-1 -1 -1 -1 -1 -1 -1 -1 -1 -1 -1
-1 -1 -1 -1 -1 -1 -1 -1 -1 -1 -1
9
117616
0 16 0 0
3 28 0 6
0 0 0 0 0 0 0 0 0 0 0
0 0 0 0 1 0 0 0 0 0 0
0 1 0 1 0 0 0 0 0 0 0
1 1 0 0 0 0 0 0 0 0 0
0 0 0 0 0 1 0 0 1 0 0
0 0 0 0 0 0 0 0 0 0 0
2 2 2 2 2 2 2 2 2 2 2
0 0 0 1 0 0 1 0 1 1 1
1 1 0 0 0 1 1 1 1 0 1
0 0 0 0 0 0 0 0 0 0 0
1 0 0 0 1 1 0 0 1 0 0
0 1 0 0 0 1 0 0 0 0 0
0 0 0 0 1 0 0 0 0 0 1
0 0 0 0 0 0 0 0 0 0 0
2 2 2 2 2 2 0 2 2 2 2
2 2 2 2 2 2 2 2 2 2 2
2 2 2 2 0 2 0 2 2 2 2
0 0 0 0 0 0 0 0 0 2 1
0 0 0 0 1 1 0 0 0 2 0
0 0 0 0 1 1 0 0 0 0 0
0 0 0 0 1 2 0 0 0 0 0
0 0 0 0 1 2 0 0 0 0 0
0 0 0 0 0 2 0 0 0 0 0
0 0 0 0 0 2 0 0 0 0 0
0 0 0 0 0 2 0 0 0 0 0
0 0 0 0 0 2 0 0 0 0 0
0 0 0 0 0 0 0 0 0 0 0
0 0 0 0 0 0 0 0 2 0 1
0 0 0 0 2 0 0 0 2 0 1
0 0 0 0 2 0 0 1 2 0 1
0 0 0 0 2 0 0 1 2 0 0
0 0 0 0 0 0 1 1 2 0 0
0 0 0 0 0 0 1 1 2 1 0
0 0 0 0 0 0 1 1 2 1 0
0 0 0 0 0 0 1 1 2 1 0
0 0 0 0 0 0 0 0 0 0 0
1 0 1 0 0 0 0 1 1 1 0
0 0 0 1 0 1 0 0 0 0 1
0 0 0 0 0 0 0 0 0 0 0
-1 -1 -1 -1 -1 -1 -1 -1 -1 -1 -1
-1 -1 -1 -1 -1 -1 -1 -1 -1 -1 -1
-1 -1 -1 -1 -1 -1 -1 -1 -1 -1 -1
-1 -1 -1 -1 -1 -1 -1 -1 -1 -1 -1
-1 -1 -1 -1 -1 -1 -1 -1 -1 -1 -1
-1 -1 -1 -1 -1 -1 -1 -1 -1 -1 -1
-1 -1 -1 -1 -1 -1 -1 -1 -1 -1 -1
-1 -1 -1 -1 -1 -1 -1 -1 -1 -1 -1
-1 -1 -1 -1 -1 -1 -1 -1 -1 -1 -1
-1 -1 -1 -1 -1 -1 -1 -1 -1 -1 -1
-1 -1 -1 -1 -1 -1 -1 -1 -1 -1 -1
-1 -1 -1 -1 -1 -1 -1 -1 -1 -1 -1
-1 -1 -1 -1 -1 -1 -1 -1 -1 -1 -1
-1 -1 -1 -1 -1 -1 -1 -1 -1 -1 -1
-1 -1 -1 -1 -1 -1 -1 -1 -1 -1 -1
-1 -1 -1 -1 -1 -1 -1 -1 -1 -1 -1
-1 -1 -1 -1 -1 -1 -1 -1 -1 -1 -1
-1 -1 -1 -1 -1 -1 -1 -1 -1 -1 -1
-1 -1 -1 -1 -1 -1 -1 -1 -1 -1 -1
-1 -1 -1 -1 -1 -1 -1 -1 -1 -1 -1
-1 -1 -1 -1 -1 -1 -1 -1 -1 -1 -1
-1 -1 -1 -1 -1 -1 -1 -1 -1 -1 -1
-1 -1 -1 -1 -1 -1 -1 -1 -1 -1 -1
-1 -1 -1 -1 -1 -1 -1 -1 -1 -1 -1
-1 -1 -1 -1 -1 -1 -1 -1 -1 -1 -1
-1 -1 -1 -1 -1 -1 -1 -1 -1 -1 -1
-1 -1 -1 -1 -1 -1 -1 -1 -1 -1 -1
-1 -1 -1 -1 -1 -1 -1 -1 -1 -1 -1
-1 -1 -1 -1 -1 -1 -1 -1 -1 -1 -1
-1 -1 -1 -1 -1 -1 -1 -1 -1 -1 -1
-1 -1 -1 -1 -1 -1 -1 -1 -1 -1 -1
-1 -1 -1 -1 -1 -1 -1 -1 -1 -1 -1
-1 -1 -1 -1 -1 -1 -1 -1 -1 -1 -1
-1 -1 -1 -1 -1 -1 -1 -1 -1 -1 -1
-1 -1 -1 -1 -1 -1 -1 -1 -1 -1 -1
-1 -1 -1 -1 -1 -1 -1 -1 -1 -1 -1
-1 -1 -1 -1 -1 -1 -1 -1 -1 -1 -1
-1 -1 -1 -1 -1 -1 -1 -1 -1 -1 -1
-1 -1 -1 -1 -1 -1 -1 -1 -1 -1 -1
-1 -1 -1 -1 -1 -1 -1 -1 -1 -1 -1
-1 -1 -1 -1 -1 -1 -1 -1 -1 -1 -1
-1 -1 -1 -1 -1 -1 -1 -1 -1 -1 -1
-1 -1 -1 -1 -1 -1 -1 -1 -1 -1 -1
-1 -1 -1 -1 -1 -1 -1 -1 -1 -1 -1
-1 -1 -1 -1 -1 -1 -1 -1 -1 -1 -1
-1 -1 -1 -1 -1 -1 -1 -1 -1 -1 -1
-1 -1 -1 -1 -1 -1 -1 -1 -1 -1 -1
-1 -1 -1 -1 -1 -1 -1 -1 -1 -1 -1
-1 -1 -1 -1 -1 -1 -1 -1 -1 -1 -1
-1 -1 -1 -1 -1 -1 -1 -1 -1 -1 -1
-1 -1 -1 -1 -1 -1 -1 -1 -1 -1 -1
-1 -1 -1 -1 -1 -1 -1 -1 -1 -1 -1
-1 -1 -1 -1 -1 -1 -1 -1 -1 -1 -1
-1 -1 -1 -1 -1 -1 -1 -1 -1 -1 -1
10
117426
0 17 0 1
4 35 1 7
0 0 0 0 0 0 0 0 0 0 0
0 0 0 0 1 0 0 0 0 0 0
0 1 0 1 0 0 0 0 0 0 0
1 1 0 0 0 0 0 0 0 0 0
0 0 0 0 0 1 0 0 1 0 0
0 0 0 0 0 0 0 0 0 0 0
2 2 2 2 2 2 2 2 2 2 2
0 0 0 1 0 0 1 0 1 1 1
1 1 0 0 0 1 1 1 1 0 1
0 0 0 0 0 0 0 0 0 0 0
1 0 0 0 1 1 0 0 1 0 0
0 1 0 0 0 1 0 0 0 0 0
0 0 0 0 1 0 0 0 0 0 1
0 0 0 0 0 0 0 0 0 0 0
2 2 2 2 2 2 0 2 2 2 2
2 2 2 2 2 2 2 2 2 2 2
2 2 2 2 0 2 0 2 2 2 2
0 0 0 0 0 0 0 0 0 2 1
0 0 0 0 1 1 0 0 0 2 0
0 0 0 0 1 1 0 0 0 0 0
0 0 0 0 1 2 0 0 0 0 0
0 0 0 0 1 2 0 0 0 0 0
0 0 0 0 0 2 0 0 0 0 0
0 0 0 0 0 2 0 0 0 0 0
0 0 0 0 0 2 0 0 0 0 0
0 0 0 0 0 2 0 0 0 0 0
0 0 0 0 0 0 0 0 0 0 0
0 0 0 0 0 0 0 0 2 0 1
0 0 0 0 2 0 0 0 2 0 1
0 0 0 0 2 0 0 1 2 0 1
0 0 0 0 2 0 0 1 2 0 0
0 0 0 0 0 0 1 1 2 0 0
0 0 0 0 0 0 1 1 2 1 0
0 0 0 0 0 0 1 1 2 1 0
0 0 0 0 0 0 1 1 2 1 0
0 0 0 0 0 0 0 0 0 0 0
1 0 1 0 0 0 0 1 1 1 0
0 0 0 1 0 1 0 0 0 0 1
0 0 0 0 0 0 0 0 0 0 0
2 2 2 2 2 2 2 2 2 2 2
2 2 2 2 2 2 2 2 2 2 2
1 0 0 0 0 1 0 0 1 1 1
0 0 0 0 0 0 0 0 0 0 0
2 2 0 0 2 2 2 0 0 2 2
0 2 2 2 0 2 0 2 2 2 0
2 2 0 2 2 2 2 2 0 2 2
-1 -1 -1 -1 -1 -1 -1 -1 -1 -1 -1
-1 -1 -1 -1 -1 -1 -1 -1 -1 -1 -1
-1 -1 -1 -1 -1 -1 -1 -1 -1 -1 -1
-1 -1 -1 -1 -1 -1 -1 -1 -1 -1 -1
-1 -1 -1 -1 -1 -1 -1 -1 -1 -1 -1
-1 -1 -1 -1 -1 -1 -1 -1 -1 -1 -1
-1 -1 -1 -1 -1 -1 -1 -1 -1 -1 -1
-1 -1 -1 -1 -1 -1 -1 -1 -1 -1 -1
-1 -1 -1 -1 -1 -1 -1 -1 -1 -1 -1
-1 -1 -1 -1 -1 -1 -1 -1 -1 -1 -1
-1 -1 -1 -1 -1 -1 -1 -1 -1 -1 -1
-1 -1 -1 -1 -1 -1 -1 -1 -1 -1 -1
-1 -1 -1 -1 -1 -1 -1 -1 -1 -1 -1
-1 -1 -1 -1 -1 -1 -1 -1 -1 -1 -1
-1 -1 -1 -1 -1 -1 -1 -1 -1 -1 -1
-1 -1 -1 -1 -1 -1 -1 -1 -1 -1 -1
-1 -1 -1 -1 -1 -1 -1 -1 -1 -1 -1
-1 -1 -1 -1 -1 -1 -1 -1 -1 -1 -1
-1 -1 -1 -1 -1 -1 -1 -1 -1 -1 -1
-1 -1 -1 -1 -1 -1 -1 -1 -1 -1 -1
-1 -1 -1 -1 -1 -1 -1 -1 -1 -1 -1
-1 -1 -1 -1 -1 -1 -1 -1 -1 -1 -1
-1 -1 -1 -1 -1 -1 -1 -1 -1 -1 -1
-1 -1 -1 -1 -1 -1 -1 -1 -1 -1 -1
-1 -1 -1 -1 -1 -1 -1 -1 -1 -1 -1
-1 -1 -1 -1 -1 -1 -1 -1 -1 -1 -1
-1 -1 -1 -1 -1 -1 -1 -1 -1 -1 -1
-1 -1 -1 -1 -1 -1 -1 -1 -1 -1 -1
-1 -1 -1 -1 -1 -1 -1 -1 -1 -1 -1
-1 -1 -1 -1 -1 -1 -1 -1 -1 -1 -1
-1 -1 -1 -1 -1 -1 -1 -1 -1 -1 -1
-1 -1 -1 -1 -1 -1 -1 -1 -1 -1 -1
-1 -1 -1 -1 -1 -1 -1 -1 -1 -1 -1
-1 -1 -1 -1 -1 -1 -1 -1 -1 -1 -1
-1 -1 -1 -1 -1 -1 -1 -1 -1 -1 -1
-1 -1 -1 -1 -1 -1 -1 -1 -1 -1 -1
-1 -1 -1 -1 -1 -1 -1 -1 -1 -1 -1
-1 -1 -1 -1 -1 -1 -1 -1 -1 -1 -1
-1 -1 -1 -1 -1 -1 -1 -1 -1 -1 -1
-1 -1 -1 -1 -1 -1 -1 -1 -1 -1 -1
-1 -1 -1 -1 -1 -1 -1 -1 -1 -1 -1
-1 -1 -1 -1 -1 -1 -1 -1 -1 -1 -1
-1 -1 -1 -1 -1 -1 -1 -1 -1 -1 -1
-1 -1 -1 -1 -1 -1 -1 -1 -1 -1 -1
-1 -1 -1 -1 -1 -1 -1 -1 -1 -1 -1
-1 -1 -1 -1 -1 -1 -1 -1 -1 -1 -1
-1 -1 -1 -1 -1 -1 -1 -1 -1 -1 -1
11
117100
0 19 0 2
4 42 0 7
0 0 0 0 0 0 0 0 0 0 0
0 0 0 0 1 0 0 0 0 0 0
0 1 0 1 0 0 0 0 0 0 0
1 1 0 0 0 0 0 0 0 0 0
0 0 0 0 0 1 0 0 1 0 0
0 0 0 0 0 0 0 0 0 0 0
2 2 2 2 2 2 2 2 2 2 2
0 0 0 1 0 0 1 0 1 1 1
1 1 0 0 0 1 1 1 1 0 1
0 0 0 0 0 0 0 0 0 0 0
1 0 0 0 1 1 0 0 1 0 0
0 1 0 0 0 1 0 0 0 0 0
0 0 0 0 1 0 0 0 0 0 1
0 0 0 0 0 0 0 0 0 0 0
2 2 2 2 2 2 0 2 2 2 2
2 2 2 2 2 2 2 2 2 2 2
2 2 2 2 0 2 0 2 2 2 2
0 0 0 0 0 0 0 0 0 2 1
0 0 0 0 1 1 0 0 0 2 0
0 0 0 0 1 1 0 0 0 0 0
0 0 0 0 1 2 0 0 0 0 0
0 0 0 0 1 2 0 0 0 0 0
0 0 0 0 0 2 0 0 0 0 0
0 0 0 0 0 2 0 0 0 0 0
0 0 0 0 0 2 0 0 0 0 0
0 0 0 0 0 2 0 0 0 0 0
0 0 0 0 0 0 0 0 0 0 0
0 0 0 0 0 0 0 0 2 0 1
0 0 0 0 2 0 0 0 2 0 1
0 0 0 0 2 0 0 1 2 0 1
0 0 0 0 2 0 0 1 2 0 0
0 0 0 0 0 0 1 1 2 0 0
0 0 0 0 0 0 1 1 2 1 0
0 0 0 0 0 0 1 1 2 1 0
0 0 0 0 0 0 1 1 2 1 0
0 0 0 0 0 0 0 0 0 0 0
1 0 1 0 0 0 0 1 1 1 0
0 0 0 1 0 1 0 0 0 0 1
0 0 0 0 0 0 0 0 0 0 0
2 2 2 2 2 2 2 2 2 2 2
2 2 2 2 2 2 2 2 2 2 2
1 0 0 0 0 1 0 0 1 1 1
0 0 0 0 0 0 0 0 0 0 0
2 2 0 0 2 2 2 0 0 2 2
0 2 2 2 0 2 0 2 2 2 0
2 2 0 2 2 2 2 2 0 2 2
2 2 2 2 2 2 2 2 2 2 2
0 0 1 1 1 1 1 1 1 0 0
0 0 0 0 0 0 0 0 0 0 0
0 0 1 1 1 1 1 1 1 1 1
0 0 0 0 0 0 0 0 0 0 0
1 1 1 0 0 0 0 0 0 0 2
1 1 0 0 0 0 0 0 0 0 2
-1 -1 -1 -1 -1 -1 -1 -1 -1 -1 -1
-1 -1 -1 -1 -1 -1 -1 -1 -1 -1 -1
-1 -1 -1 -1 -1 -1 -1 -1 -1 -1 -1
-1 -1 -1 -1 -1 -1 -1 -1 -1 -1 -1
-1 -1 -1 -1 -1 -1 -1 -1 -1 -1 -1
-1 -1 -1 -1 -1 -1 -1 -1 -1 -1 -1
-1 -1 -1 -1 -1 -1 -1 -1 -1 -1 -1
-1 -1 -1 -1 -1 -1 -1 -1 -1 -1 -1
-1 -1 -1 -1 -1 -1 -1 -1 -1 -1 -1
-1 -1 -1 -1 -1 -1 -1 -1 -1 -1 -1
-1 -1 -1 -1 -1 -1 -1 -1 -1 -1 -1
-1 -1 -1 -1 -1 -1 -1 -1 -1 -1 -1
-1 -1 -1 -1 -1 -1 -1 -1 -1 -1 -1
-1 -1 -1 -1 -1 -1 -1 -1 -1 -1 -1
-1 -1 -1 -1 -1 -1 -1 -1 -1 -1 -1
-1 -1 -1 -1 -1 -1 -1 -1 -1 -1 -1
-1 -1 -1 -1 -1 -1 -1 -1 -1 -1 -1
-1 -1 -1 -1 -1 -1 -1 -1 -1 -1 -1
-1 -1 -1 -1 -1 -1 -1 -1 -1 -1 -1
-1 -1 -1 -1 -1 -1 -1 -1 -1 -1 -1
-1 -1 -1 -1 -1 -1 -1 -1 -1 -1 -1
-1 -1 -1 -1 -1 -1 -1 -1 -1 -1 -1
-1 -1 -1 -1 -1 -1 -1 -1 -1 -1 -1
-1 -1 -1 -1 -1 -1 -1 -1 -1 -1 -1
-1 -1 -1 -1 -1 -1 -1 -1 -1 -1 -1
-1 -1 -1 -1 -1 -1 -1 -1 -1 -1 -1
-1 -1 -1 -1 -1 -1 -1 -1 -1 -1 -1
-1 -1 -1 -1 -1 -1 -1 -1 -1 -1 -1
-1 -1 -1 -1 -1 -1 -1 -1 -1 -1 -1
-1 -1 -1 -1 -1 -1 -1 -1 -1 -1 -1
-1 -1 -1 -1 -1 -1 -1 -1 -1 -1 -1
-1 -1 -1 -1 -1 -1 -1 -1 -1 -1 -1
-1 -1 -1 -1 -1 -1 -1 -1 -1 -1 -1
-1 -1 -1 -1 -1 -1 -1 -1 -1 -1 -1
-1 -1 -1 -1 -1 -1 -1 -1 -1 -1 -1
-1 -1 -1 -1 -1 -1 -1 -1 -1 -1 -1
-1 -1 -1 -1 -1 -1 -1 -1 -1 -1 -1
-1 -1 -1 -1 -1 -1 -1 -1 -1 -1 -1
-1 -1 -1 -1 -1 -1 -1 -1 -1 -1 -1
-1 -1 -1 -1 -1 -1 -1 -1 -1 -1 -1
12
116750
1 21 1 2
4 42 0 0
0 0 0 0 0 0 0 0 0 0 0
0 0 0 0 1 0 0 0 0 0 0
0 1 0 1 0 0 0 0 0 0 0
1 1 0 0 0 0 0 0 0 0 0
0 0 0 0 0 1 0 0 1 0 0
0 0 0 0 0 0 0 0 0 0 0
2 2 2 2 2 2 2 2 2 2 2
0 0 0 1 0 0 1 0 1 1 1
1 1 0 0 0 1 1 1 1 0 1
0 0 0 0 0 0 0 0 0 0 0
1 0 0 0 1 1 0 0 1 0 0
0 1 0 0 0 1 0 0 0 0 0
0 0 0 0 1 0 0 0 0 0 1
0 0 0 0 0 0 0 0 0 0 0
2 2 2 2 2 2 0 2 2 2 2
2 2 2 2 2 2 2 2 2 2 2
2 2 2 2 0 2 0 2 2 2 2
0 0 0 0 0 0 0 0 0 2 1
0 0 0 0 1 1 0 0 0 2 0
0 0 0 0 1 1 0 0 0 0 0
0 0 0 0 1 2 0 0 0 0 0
0 0 0 0 1 2 0 0 0 0 0
0 0 0 0 0 2 0 0 0 0 0
0 0 0 0 0 2 0 0 0 0 0
0 0 0 0 0 2 0 0 0 0 0
0 0 0 0 0 2 0 0 0 0 0
0 0 0 0 0 0 0 0 0 0 0
0 0 0 0 0 0 0 0 2 0 1
0 0 0 0 2 0 0 0 2 0 1
0 0 0 0 2 0 0 1 2 0 1
0 0 0 0 2 0 0 1 2 0 0
0 0 0 0 0 0 1 1 2 0 0
0 0 0 0 0 0 1 1 2 1 0
0 0 0 0 0 0 1 1 2 1 0
0 0 0 0 0 0 1 1 2 1 0
0 0 0 0 0 0 0 0 0 0 0
1 0 1 0 0 0 0 1 1 1 0
0 0 0 1 0 1 0 0 0 0 1
0 0 0 0 0 0 0 0 0 0 0
2 2 2 2 2 2 2 2 2 2 2
2 2 2 2 2 2 2 2 2 2 2
1 0 0 0 0 1 0 0 1 1 1
0 0 0 0 0 0 0 0 0 0 0
2 2 0 0 2 2 2 0 0 2 2
0 2 2 2 0 2 0 2 2 2 0
2 2 0 2 2 2 2 2 0 2 2
2 2 2 2 2 2 2 2 2 2 2
0 0 1 1 1 1 1 1 1 0 0
0 0 0 0 0 0 0 0 0 0 0
0 0 1 1 1 1 1 1 1 1 1
0 0 0 0 0 0 0 0 0 0 0
1 1 1 0 0 0 0 0 0 0 2
1 1 0 0 0 0 0 0 0 0 2
-1 -1 -1 -1 -1 -1 -1 -1 -1 -1 -1
-1 -1 -1 -1 -1 -1 -1 -1 -1 -1 -1
-1 -1 -1 -1 -1 -1 -1 -1 -1 -1 -1
-1 -1 -1 -1 -1 -1 -1 -1 -1 -1 -1
-1 -1 -1 -1 -1 -1 -1 -1 -1 -1 -1
-1 -1 -1 -1 -1 -1 -1 -1 -1 -1 -1
-1 -1 -1 -1 -1 -1 -1 -1 -1 -1 -1
-1 -1 -1 -1 -1 -1 -1 -1 -1 -1 -1
-1 -1 -1 -1 -1 -1 -1 -1 -1 -1 -1
-1 -1 -1 -1 -1 -1 -1 -1 -1 -1 -1
-1 -1 -1 -1 -1 -1 -1 -1 -1 -1 -1
-1 -1 -1 -1 -1 -1 -1 -1 -1 -1 -1
-1 -1 -1 -1 -1 -1 -1 -1 -1 -1 -1
-1 -1 -1 -1 -1 -1 -1 -1 -1 -1 -1
-1 -1 -1 -1 -1 -1 -1 -1 -1 -1 -1
-1 -1 -1 -1 -1 -1 -1 -1 -1 -1 -1
-1 -1 -1 -1 -1 -1 -1 -1 -1 -1 -1
-1 -1 -1 -1 -1 -1 -1 -1 -1 -1 -1
-1 -1 -1 -1 -1 -1 -1 -1 -1 -1 -1
-1 -1 -1 -1 -1 -1 -1 -1 -1 -1 -1
-1 -1 -1 -1 -1 -1 -1 -1 -1 -1 -1
-1 -1 -1 -1 -1 -1 -1 -1 -1 -1 -1
-1 -1 -1 -1 -1 -1 -1 -1 -1 -1 -1
-1 -1 -1 -1 -1 -1 -1 -1 -1 -1 -1
-1 -1 -1 -1 -1 -1 -1 -1 -1 -1 -1
-1 -1 -1 -1 -1 -1 -1 -1 -1 -1 -1
-1 -1 -1 -1 -1 -1 -1 -1 -1 -1 -1
-1 -1 -1 -1 -1 -1 -1 -1 -1 -1 -1
-1 -1 -1 -1 -1 -1 -1 -1 -1 -1 -1
-1 -1 -1 -1 -1 -1 -1 -1 -1 -1 -1
-1 -1 -1 -1 -1 -1 -1 -1 -1 -1 -1
-1 -1 -1 -1 -1 -1 -1 -1 -1 -1 -1
-1 -1 -1 -1 -1 -1 -1 -1 -1 -1 -1
-1 -1 -1 -1 -1 -1 -1 -1 -1 -1 -1
-1 -1 -1 -1 -1 -1 -1 -1 -1 -1 -1
-1 -1 -1 -1 -1 -1 -1 -1 -1 -1 -1
-1 -1 -1 -1 -1 -1 -1 -1 -1 -1 -1
-1 -1 -1 -1 -1 -1 -1 -1 -1 -1 -1
-1 -1 -1 -1 -1 -1 -1 -1 -1 -1 -1
-1 -1 -1 -1 -1 -1 -1 -1 -1 -1 -1
13
116432
2 23 1 2
3 43 -1 1
0 0 0 0 0 0 0 0 0 0 0
0 0 0 0 1 0 0 0 0 0 0
0 1 0 1 0 0 0 0 0 0 0
1 1 0 0 0 0 0 0 0 0 0
0 0 0 0 0 1 0 0 1 0 0
0 0 0 0 0 0 0 0 0 0 0
2 2 2 2 2 2 2 2 2 2 2
0 0 0 1 0 0 1 0 1 1 1
1 1 0 0 0 1 1 1 1 0 1
0 0 0 0 0 0 0 0 0 0 0
1 0 0 0 1 1 0 0 1 0 0
0 1 0 0 0 1 0 0 0 0 0
0 0 0 0 1 0 0 0 0 0 1
0 0 0 0 0 0 0 0 0 0 0
2 2 2 2 2 2 0 2 2 2 2
2 2 2 2 2 2 2 2 2 2 2
2 2 2 2 0 2 0 2 2 2 2
0 0 0 0 0 0 0 0 0 2 1
0 0 0 0 1 1 0 0 0 2 0
0 0 0 0 1 1 0 0 0 0 0
0 0 0 0 1 2 0 0 0 0 0
0 0 0 0 1 2 0 0 0 0 0
0 0 0 0 0 2 0 0 0 0 0
0 0 0 0 0 2 0 0 0 0 0
0 0 0 0 0 2 0 0 0 0 0
0 0 0 0 0 2 0 0 0 0 0
0 0 0 0 0 0 0 0 0 0 0
0 0 0 0 0 0 0 0 2 0 1
0 0 0 0 2 0 0 0 2 0 1
0 0 0 0 2 0 0 1 2 0 1
0 0 0 0 2 0 0 1 2 0 0
0 0 0 0 0 0 1 1 2 0 0
0 0 0 0 0 0 1 1 2 1 0
0 0 0 0 0 0 1 1 2 1 0
0 0 0 0 0 0 1 1 2 1 0
0 0 0 0 0 0 0 0 0 0 0
1 0 1 0 0 0 0 1 1 1 0
0 0 0 1 0 1 0 0 0 0 1
0 0 0 0 0 0 0 0 0 0 0
2 2 2 2 2 2 2 2 2 2 2
2 2 2 2 2 2 2 2 2 2 2
1 0 0 0 0 1 0 0 1 1 1
0 0 0 0 0 0 0 0 0 0 0
2 2 0 0 2 2 2 0 0 2 2
0 2 2 2 0 2 0 2 2 2 0
2 2 0 2 2 2 2 2 0 2 2
2 2 2 2 2 2 2 2 2 2 2
0 0 1 1 1 1 1 1 1 0 0
0 0 0 0 0 0 0 0 0 0 0
0 0 1 1 1 1 1 1 1 1 1
0 0 0 0 0 0 0 0 0 0 0
1 1 1 0 0 0 0 0 0 0 2
1 1 0 0 0 0 0 0 0 0 2
1 2 0 0 0 0 0 0 0 0 0
-1 -1 -1 -1 -1 -1 -1 -1 -1 -1 -1
-1 -1 -1 -1 -1 -1 -1 -1 -1 -1 -1
-1 -1 -1 -1 -1 -1 -1 -1 -1 -1 -1
-1 -1 -1 -1 -1 -1 -1 -1 -1 -1 -1
-1 -1 -1 -1 -1 -1 -1 -1 -1 -1 -1
-1 -1 -1 -1 -1 -1 -1 -1 -1 -1 -1
-1 -1 -1 -1 -1 -1 -1 -1 -1 -1 -1
-1 -1 -1 -1 -1 -1 -1 -1 -1 -1 -1
-1 -1 -1 -1 -1 -1 -1 -1 -1 -1 -1
-1 -1 -1 -1 -1 -1 -1 -1 -1 -1 -1
-1 -1 -1 -1 -1 -1 -1 -1 -1 -1 -1
-1 -1 -1 -1 -1 -1 -1 -1 -1 -1 -1
-1 -1 -1 -1 -1 -1 -1 -1 -1 -1 -1
-1 -1 -1 -1 -1 -1 -1 -1 -1 -1 -1
-1 -1 -1 -1 -1 -1 -1 -1 -1 -1 -1
-1 -1 -1 -1 -1 -1 -1 -1 -1 -1 -1
-1 -1 -1 -1 -1 -1 -1 -1 -1 -1 -1
-1 -1 -1 -1 -1 -1 -1 -1 -1 -1 -1
-1 -1 -1 -1 -1 -1 -1 -1 -1 -1 -1
-1 -1 -1 -1 -1 -1 -1 -1 -1 -1 -1
-1 -1 -1 -1 -1 -1 -1 -1 -1 -1 -1
-1 -1 -1 -1 -1 -1 -1 -1 -1 -1 -1
-1 -1 -1 -1 -1 -1 -1 -1 -1 -1 -1
-1 -1 -1 -1 -1 -1 -1 -1 -1 -1 -1
-1 -1 -1 -1 -1 -1 -1 -1 -1 -1 -1
-1 -1 -1 -1 -1 -1 -1 -1 -1 -1 -1
-1 -1 -1 -1 -1 -1 -1 -1 -1 -1 -1
-1 -1 -1 -1 -1 -1 -1 -1 -1 -1 -1
-1 -1 -1 -1 -1 -1 -1 -1 -1 -1 -1
-1 -1 -1 -1 -1 -1 -1 -1 -1 -1 -1
-1 -1 -1 -1 -1 -1 -1 -1 -1 -1 -1
-1 -1 -1 -1 -1 -1 -1 -1 -1 -1 -1
-1 -1 -1 -1 -1 -1 -1 -1 -1 -1 -1
-1 -1 -1 -1 -1 -1 -1 -1 -1 -1 -1
-1 -1 -1 -1 -1 -1 -1 -1 -1 -1 -1
-1 -1 -1 -1 -1 -1 -1 -1 -1 -1 -1
-1 -1 -1 -1 -1 -1 -1 -1 -1 -1 -1
-1 -1 -1 -1 -1 -1 -1 -1 -1 -1 -1
-1 -1 -1 -1 -1 -1 -1 -1 -1 -1 -1
14
116098
4 25 2 2
2 45 -1 2
0 0 0 0 0 0 0 0 0 0 0
0 0 0 0 1 0 0 0 0 0 0
0 1 0 1 0 0 0 0 0 0 0
1 1 0 0 0 0 0 0 0 0 0
0 0 0 0 0 1 0 0 1 0 0
0 0 0 0 0 0 0 0 0 0 0
2 2 2 2 2 2 2 2 2 2 2
0 0 0 1 0 0 1 0 1 1 1
1 1 0 0 0 1 1 1 1 0 1
0 0 0 0 0 0 0 0 0 0 0
1 0 0 0 1 1 0 0 1 0 0
0 1 0 0 0 1 0 0 0 0 0
0 0 0 0 1 0 0 0 0 0 1
0 0 0 0 0 0 0 0 0 0 0
2 2 2 2 2 2 0 2 2 2 2
2 2 2 2 2 2 2 2 2 2 2
2 2 2 2 0 2 0 2 2 2 2
0 0 0 0 0 0 0 0 0 2 1
0 0 0 0 1 1 0 0 0 2 0
0 0 0 0 1 1 0 0 0 0 0
0 0 0 0 1 2 0 0 0 0 0
0 0 0 0 1 2 0 0 0 0 0
0 0 0 0 0 2 0 0 0 0 0
0 0 0 0 0 2 0 0 0 0 0
0 0 0 0 0 2 0 0 0 0 0
0 0 0 0 0 2 0 0 0 0 0
0 0 0 0 0 0 0 0 0 0 0
0 0 0 0 0 0 0 0 2 0 1
0 0 0 0 2 0 0 0 2 0 1
0 0 0 0 2 0 0 1 2 0 1
0 0 0 0 2 0 0 1 2 0 0
0 0 0 0 0 0 1 1 2 0 0
0 0 0 0 0 0 1 1 2 1 0
0 0 0 0 0 0 1 1 2 1 0
0 0 0 0 0 0 1 1 2 1 0
0 0 0 0 0 0 0 0 0 0 0
1 0 1 0 0 0 0 1 1 1 0
0 0 0 1 0 1 0 0 0 0 1
0 0 0 0 0 0 0 0 0 0 0
2 2 2 2 2 2 2 2 2 2 2
2 2 2 2 2 2 2 2 2 2 2
1 0 0 0 0 1 0 0 1 1 1
0 0 0 0 0 0 0 0 0 0 0
2 2 0 0 2 2 2 0 0 2 2
0 2 2 2 0 2 0 2 2 2 0
2 2 0 2 2 2 2 2 0 2 2
2 2 2 2 2 2 2 2 2 2 2
0 0 1 1 1 1 1 1 1 0 0
0 0 0 0 0 0 0 0 0 0 0
0 0 1 1 1 1 1 1 1 1 1
0 0 0 0 0 0 0 0 0 0 0
1 1 1 0 0 0 0 0 0 0 2
1 1 0 0 0 0 0 0 0 0 2
1 2 0 0 0 0 0 0 0 0 0
0 2 0 0 0 0 0 1 1 1 1
0 0 1 0 0 0 2 1 1 1 1
-1 -1 -1 -1 -1 -1 -1 -1 -1 -1 -1
-1 -1 -1 -1 -1 -1 -1 -1 -1 -1 -1
-1 -1 -1 -1 -1 -1 -1 -1 -1 -1 -1
-1 -1 -1 -1 -1 -1 -1 -1 -1 -1 -1
-1 -1 -1 -1 -1 -1 -1 -1 -1 -1 -1
-1 -1 -1 -1 -1 -1 -1 -1 -1 -1 -1
-1 -1 -1 -1 -1 -1 -1 -1 -1 -1 -1
-1 -1 -1 -1 -1 -1 -1 -1 -1 -1 -1
-1 -1 -1 -1 -1 -1 -1 -1 -1 -1 -1
-1 -1 -1 -1 -1 -1 -1 -1 -1 -1 -1
-1 -1 -1 -1 -1 -1 -1 -1 -1 -1 -1
-1 -1 -1 -1 -1 -1 -1 -1 -1 -1 -1
-1 -1 -1 -1 -1 -1 -1 -1 -1 -1 -1
-1 -1 -1 -1 -1 -1 -1 -1 -1 -1 -1
-1 -1 -1 -1 -1 -1 -1 -1 -1 -1 -1
-1 -1 -1 -1 -1 -1 -1 -1 -1 -1 -1
-1 -1 -1 -1 -1 -1 -1 -1 -1 -1 -1
-1 -1 -1 -1 -1 -1 -1 -1 -1 -1 -1
-1 -1 -1 -1 -1 -1 -1 -1 -1 -1 -1
-1 -1 -1 -1 -1 -1 -1 -1 -1 -1 -1
-1 -1 -1 -1 -1 -1 -1 -1 -1 -1 -1
-1 -1 -1 -1 -1 -1 -1 -1 -1 -1 -1
-1 -1 -1 -1 -1 -1 -1 -1 -1 -1 -1
-1 -1 -1 -1 -1 -1 -1 -1 -1 -1 -1
-1 -1 -1 -1 -1 -1 -1 -1 -1 -1 -1
-1 -1 -1 -1 -1 -1 -1 -1 -1 -1 -1
-1 -1 -1 -1 -1 -1 -1 -1 -1 -1 -1
-1 -1 -1 -1 -1 -1 -1 -1 -1 -1 -1
-1 -1 -1 -1 -1 -1 -1 -1 -1 -1 -1
-1 -1 -1 -1 -1 -1 -1 -1 -1 -1 -1
-1 -1 -1 -1 -1 -1 -1 -1 -1 -1 -1
-1 -1 -1 -1 -1 -1 -1 -1 -1 -1 -1
-1 -1 -1 -1 -1 -1 -1 -1 -1 -1 -1
-1 -1 -1 -1 -1 -1 -1 -1 -1 -1 -1
-1 -1 -1 -1 -1 -1 -1 -1 -1 -1 -1
-1 -1 -1 -1 -1 -1 -1 -1 -1 -1 -1
-1 -1 -1 -1 -1 -1 -1 -1 -1 -1 -1
15
115908
5 28 1 3
1 47 -1 2
0 0 0 0 0 0 0 0 0 0 0
0 0 0 0 1 0 0 0 0 0 0
0 1 0 1 0 0 0 0 0 0 0
1 1 0 0 0 0 0 0 0 0 0
0 0 0 0 0 1 0 0 1 0 0
0 0 0 0 0 0 0 0 0 0 0
2 2 2 2 2 2 2 2 2 2 2
0 0 0 1 0 0 1 0 1 1 1
1 1 0 0 0 1 1 1 1 0 1
0 0 0 0 0 0 0 0 0 0 0
1 0 0 0 1 1 0 0 1 0 0
0 1 0 0 0 1 0 0 0 0 0
0 0 0 0 1 0 0 0 0 0 1
0 0 0 0 0 0 0 0 0 0 0
2 2 2 2 2 2 0 2 2 2 2
2 2 2 2 2 2 2 2 2 2 2
2 2 2 2 0 2 0 2 2 2 2
0 0 0 0 0 0 0 0 0 2 1
0 0 0 0 1 1 0 0 0 2 0
0 0 0 0 1 1 0 0 0 0 0
0 0 0 0 1 2 0 0 0 0 0
0 0 0 0 1 2 0 0 0 0 0
0 0 0 0 0 2 0 0 0 0 0
0 0 0 0 0 2 0 0 0 0 0
0 0 0 0 0 2 0 0 0 0 0
0 0 0 0 0 2 0 0 0 0 0
0 0 0 0 0 0 0 0 0 0 0
0 0 0 0 0 0 0 0 2 0 1
0 0 0 0 2 0 0 0 2 0 1
0 0 0 0 2 0 0 1 2 0 1
0 0 0 0 2 0 0 1 2 0 0
0 0 0 0 0 0 1 1 2 0 0
0 0 0 0 0 0 1 1 2 1 0
0 0 0 0 0 0 1 1 2 1 0
0 0 0 0 0 0 1 1 2 1 0
0 0 0 0 0 0 0 0 0 0 0
1 0 1 0 0 0 0 1 1 1 0
0 0 0 1 0 1 0 0 0 0 1
0 0 0 0 0 0 0 0 0 0 0
2 2 2 2 2 2 2 2 2 2 2
2 2 2 2 2 2 2 2 2 2 2
1 0 0 0 0 1 0 0 1 1 1
0 0 0 0 0 0 0 0 0 0 0
2 2 0 0 2 2 2 0 0 2 2
0 2 2 2 0 2 0 2 2 2 0
2 2 0 2 2 2 2 2 0 2 2
2 2 2 2 2 2 2 2 2 2 2
0 0 1 1 1 1 1 1 1 0 0
0 0 0 0 0 0 0 0 0 0 0
0 0 1 1 1 1 1 1 1 1 1
0 0 0 0 0 0 0 0 0 0 0
1 1 1 0 0 0 0 0 0 0 2
1 1 0 0 0 0 0 0 0 0 2
1 2 0 0 0 0 0 0 0 0 0
0 2 0 0 0 0 0 1 1 1 1
0 0 1 0 0 0 2 1 1 1 1
2 0 1 0 0 0 2 0 0 1 0
2 1 1 1 0 0 2 0 0 0 0
-1 -1 -1 -1 -1 -1 -1 -1 -1 -1 -1
-1 -1 -1 -1 -1 -1 -1 -1 -1 -1 -1
-1 -1 -1 -1 -1 -1 -1 -1 -1 -1 -1
-1 -1 -1 -1 -1 -1 -1 -1 -1 -1 -1
-1 -1 -1 -1 -1 -1 -1 -1 -1 -1 -1
-1 -1 -1 -1 -1 -1 -1 -1 -1 -1 -1
-1 -1 -1 -1 -1 -1 -1 -1 -1 -1 -1
-1 -1 -1 -1 -1 -1 -1 -1 -1 -1 -1
-1 -1 -1 -1 -1 -1 -1 -1 -1 -1 -1
-1 -1 -1 -1 -1 -1 -1 -1 -1 -1 -1
-1 -1 -1 -1 -1 -1 -1 -1 -1 -1 -1
-1 -1 -1 -1 -1 -1 -1 -1 -1 -1 -1
-1 -1 -1 -1 -1 -1 -1 -1 -1 -1 -1
-1 -1 -1 -1 -1 -1 -1 -1 -1 -1 -1
-1 -1 -1 -1 -1 -1 -1 -1 -1 -1 -1
-1 -1 -1 -1 -1 -1 -1 -1 -1 -1 -1
-1 -1 -1 -1 -1 -1 -1 -1 -1 -1 -1
-1 -1 -1 -1 -1 -1 -1 -1 -1 -1 -1
-1 -1 -1 -1 -1 -1 -1 -1 -1 -1 -1
-1 -1 -1 -1 -1 -1 -1 -1 -1 -1 -1
-1 -1 -1 -1 -1 -1 -1 -1 -1 -1 -1
-1 -1 -1 -1 -1 -1 -1 -1 -1 -1 -1
-1 -1 -1 -1 -1 -1 -1 -1 -1 -1 -1
-1 -1 -1 -1 -1 -1 -1 -1 -1 -1 -1
-1 -1 -1 -1 -1 -1 -1 -1 -1 -1 -1
-1 -1 -1 -1 -1 -1 -1 -1 -1 -1 -1
-1 -1 -1 -1 -1 -1 -1 -1 -1 -1 -1
-1 -1 -1 -1 -1 -1 -1 -1 -1 -1 -1
-1 -1 -1 -1 -1 -1 -1 -1 -1 -1 -1
-1 -1 -1 -1 -1 -1 -1 -1 -1 -1 -1
-1 -1 -1 -1 -1 -1 -1 -1 -1 -1 -1
-1 -1 -1 -1 -1 -1 -1 -1 -1 -1 -1
-1 -1 -1 -1 -1 -1 -1 -1 -1 -1 -1
-1 -1 -1 -1 -1 -1 -1 -1 -1 -1 -1
-1 -1 -1 -1 -1 -1 -1 -1 -1 -1 -1
16
115798
5 32 0 4
1 50 0 3
0 0 0 0 0 0 0 0 0 0 0
0 0 0 0 1 0 0 0 0 0 0
0 1 0 1 0 0 0 0 0 0 0
1 1 0 0 0 0 0 0 0 0 0
0 0 0 0 0 1 0 0 1 0 0
0 0 0 0 0 0 0 0 0 0 0
2 2 2 2 2 2 2 2 2 2 2
0 0 0 1 0 0 1 0 1 1 1
1 1 0 0 0 1 1 1 1 0 1
0 0 0 0 0 0 0 0 0 0 0
1 0 0 0 1 1 0 0 1 0 0
0 1 0 0 0 1 0 0 0 0 0
0 0 0 0 1 0 0 0 0 0 1
0 0 0 0 0 0 0 0 0 0 0
2 2 2 2 2 2 0 2 2 2 2
2 2 2 2 2 2 2 2 2 2 2
2 2 2 2 0 2 0 2 2 2 2
0 0 0 0 0 0 0 0 0 2 1
0 0 0 0 1 1 0 0 0 2 0
0 0 0 0 1 1 0 0 0 0 0
0 0 0 0 1 2 0 0 0 0 0
0 0 0 0 1 2 0 0 0 0 0
0 0 0 0 0 2 0 0 0 0 0
0 0 0 0 0 2 0 0 0 0 0
0 0 0 0 0 2 0 0 0 0 0
0 0 0 0 0 2 0 0 0 0 0
0 0 0 0 0 0 0 0 0 0 0
0 0 0 0 0 0 0 0 2 0 1
0 0 0 0 2 0 0 0 2 0 1
0 0 0 0 2 0 0 1 2 0 1
0 0 0 0 2 0 0 1 2 0 0
0 0 0 0 0 0 1 1 2 0 0
0 0 0 0 0 0 1 1 2 1 0
0 0 0 0 0 0 1 1 2 1 0
0 0 0 0 0 0 1 1 2 1 0
0 0 0 0 0 0 0 0 0 0 0
1 0 1 0 0 0 0 1 1 1 0
0 0 0 1 0 1 0 0 0 0 1
0 0 0 0 0 0 0 0 0 0 0
2 2 2 2 2 2 2 2 2 2 2
2 2 2 2 2 2 2 2 2 2 2
1 0 0 0 0 1 0 0 1 1 1
0 0 0 0 0 0 0 0 0 0 0
2 2 0 0 2 2 2 0 0 2 2
0 2 2 2 0 2 0 2 2 2 0
2 2 0 2 2 2 2 2 0 2 2
2 2 2 2 2 2 2 2 2 2 2
0 0 1 1 1 1 1 1 1 0 0
0 0 0 0 0 0 0 0 0 0 0
0 0 1 1 1 1 1 1 1 1 1
0 0 0 0 0 0 0 0 0 0 0
1 1 1 0 0 0 0 0 0 0 2
1 1 0 0 0 0 0 0 0 0 2
1 2 0 0 0 0 0 0 0 0 0
0 2 0 0 0 0 0 1 1 1 1
0 0 1 0 0 0 2 1 1 1 1
2 0 1 0 0 0 2 0 0 1 0
2 1 1 1 0 0 2 0 0 0 0
0 0 1 0 1 1 2 0 0 0 0
0 0 0 0 0 0 0 0 0 0 0
0 0 0 0 0 0 0 0 0 0 0
-1 -1 -1 -1 -1 -1 -1 -1 -1 -1 -1
-1 -1 -1 -1 -1 -1 -1 -1 -1 -1 -1
-1 -1 -1 -1 -1 -1 -1 -1 -1 -1 -1
-1 -1 -1 -1 -1 -1 -1 -1 -1 -1 -1
-1 -1 -1 -1 -1 -1 -1 -1 -1 -1 -1
-1 -1 -1 -1 -1 -1 -1 -1 -1 -1 -1
-1 -1 -1 -1 -1 -1 -1 -1 -1 -1 -1
-1 -1 -1 -1 -1 -1 -1 -1 -1 -1 -1
-1 -1 -1 -1 -1 -1 -1 -1 -1 -1 -1
-1 -1 -1 -1 -1 -1 -1 -1 -1 -1 -1
-1 -1 -1 -1 -1 -1 -1 -1 -1 -1 -1
-1 -1 -1 -1 -1 -1 -1 -1 -1 -1 -1
-1 -1 -1 -1 -1 -1 -1 -1 -1 -1 -1
-1 -1 -1 -1 -1 -1 -1 -1 -1 -1 -1
-1 -1 -1 -1 -1 -1 -1 -1 -1 -1 -1
-1 -1 -1 -1 -1 -1 -1 -1 -1 -1 -1
-1 -1 -1 -1 -1 -1 -1 -1 -1 -1 -1
-1 -1 -1 -1 -1 -1 -1 -1 -1 -1 -1
-1 -1 -1 -1 -1 -1 -1 -1 -1 -1 -1
-1 -1 -1 -1 -1 -1 -1 -1 -1 -1 -1
-1 -1 -1 -1 -1 -1 -1 -1 -1 -1 -1
-1 -1 -1 -1 -1 -1 -1 -1 -1 -1 -1
-1 -1 -1 -1 -1 -1 -1 -1 -1 -1 -1
-1 -1 -1 -1 -1 -1 -1 -1 -1 -1 -1
-1 -1 -1 -1 -1 -1 -1 -1 -1 -1 -1
-1 -1 -1 -1 -1 -1 -1 -1 -1 -1 -1
-1 -1 -1 -1 -1 -1 -1 -1 -1 -1 -1
-1 -1 -1 -1 -1 -1 -1 -1 -1 -1 -1
-1 -1 -1 -1 -1 -1 -1 -1 -1 -1 -1
-1 -1 -1 -1 -1 -1 -1 -1 -1 -1 -1
-1 -1 -1 -1 -1 -1 -1 -1 -1 -1 -1
-1 -1 -1 -1 -1 -1 -1 -1 -1 -1 -1
17
115726
4 37 -1 5
1 50 0 0
0 0 0 0 0 0 0 0 0 0 0
0 0 0 0 1 0 0 0 0 0 0
0 1 0 1 0 0 0 0 0 0 0
1 1 0 0 0 0 0 0 0 0 0
0 0 0 0 0 1 0 0 1 0 0
0 0 0 0 0 0 0 0 0 0 0
2 2 2 2 2 2 2 2 2 2 2
0 0 0 1 0 0 1 0 1 1 1
1 1 0 0 0 1 1 1 1 0 1
0 0 0 0 0 0 0 0 0 0 0
1 0 0 0 1 1 0 0 1 0 0
0 1 0 0 0 1 0 0 0 0 0
0 0 0 0 1 0 0 0 0 0 1
0 0 0 0 0 0 0 0 0 0 0
2 2 2 2 2 2 0 2 2 2 2
2 2 2 2 2 2 2 2 2 2 2
2 2 2 2 0 2 0 2 2 2 2
0 0 0 0 0 0 0 0 0 2 1
0 0 0 0 1 1 0 0 0 2 0
0 0 0 0 1 1 0 0 0 0 0
0 0 0 0 1 2 0 0 0 0 0
0 0 0 0 1 2 0 0 0 0 0
0 0 0 0 0 2 0 0 0 0 0
0 0 0 0 0 2 0 0 0 0 0
0 0 0 0 0 2 0 0 0 0 0
0 0 0 0 0 2 0 0 0 0 0
0 0 0 0 0 0 0 0 0 0 0
0 0 0 0 0 0 0 0 2 0 1
0 0 0 0 2 0 0 0 2 0 1
0 0 0 0 2 0 0 1 2 0 1
0 0 0 0 2 0 0 1 2 0 0
0 0 0 0 0 0 1 1 2 0 0
0 0 0 0 0 0 1 1 2 1 0
0 0 0 0 0 0 1 1 2 1 0
0 0 0 0 0 0 1 1 2 1 0
0 0 0 0 0 0 0 0 0 0 0
1 0 1 0 0 0 0 1 1 1 0
0 0 0 1 0 1 0 0 0 0 1
0 0 0 0 0 0 0 0 0 0 0
2 2 2 2 2 2 2 2 2 2 2
2 2 2 2 2 2 2 2 2 2 2
1 0 0 0 0 1 0 0 1 1 1
0 0 0 0 0 0 0 0 0 0 0
2 2 0 0 2 2 2 0 0 2 2
0 2 2 2 0 2 0 2 2 2 0
2 2 0 2 2 2 2 2 0 2 2
2 2 2 2 2 2 2 2 2 2 2
0 0 1 1 1 1 1 1 1 0 0
0 0 0 0 0 0 0 0 0 0 0
0 0 1 1 1 1 1 1 1 1 1
0 0 0 0 0 0 0 0 0 0 0
1 1 1 0 0 0 0 0 0 0 2
1 1 0 0 0 0 0 0 0 0 2
1 2 0 0 0 0 0 0 0 0 0
0 2 0 0 0 0 0 1 1 1 1
0 0 1 0 0 0 2 1 1 1 1
2 0 1 0 0 0 2 0 0 1 0
2 1 1 1 0 0 2 0 0 0 0
0 0 1 0 1 1 2 0 0 0 0
0 0 0 0 0 0 0 0 0 0 0
0 0 0 0 0 0 0 0 0 0 0
-1 -1 -1 -1 -1 -1 -1 -1 -1 -1 -1
-1 -1 -1 -1 -1 -1 -1 -1 -1 -1 -1
-1 -1 -1 -1 -1 -1 -1 -1 -1 -1 -1
-1 -1 -1 -1 -1 -1 -1 -1 -1 -1 -1
-1 -1 -1 -1 -1 -1 -1 -1 -1 -1 -1
-1 -1 -1 -1 -1 -1 -1 -1 -1 -1 -1
-1 -1 -1 -1 -1 -1 -1 -1 -1 -1 -1
-1 -1 -1 -1 -1 -1 -1 -1 -1 -1 -1
-1 -1 -1 -1 -1 -1 -1 -1 -1 -1 -1
-1 -1 -1 -1 -1 -1 -1 -1 -1 -1 -1
-1 -1 -1 -1 -1 -1 -1 -1 -1 -1 -1
-1 -1 -1 -1 -1 -1 -1 -1 -1 -1 -1
-1 -1 -1 -1 -1 -1 -1 -1 -1 -1 -1
-1 -1 -1 -1 -1 -1 -1 -1 -1 -1 -1
-1 -1 -1 -1 -1 -1 -1 -1 -1 -1 -1
-1 -1 -1 -1 -1 -1 -1 -1 -1 -1 -1
-1 -1 -1 -1 -1 -1 -1 -1 -1 -1 -1
-1 -1 -1 -1 -1 -1 -1 -1 -1 -1 -1
-1 -1 -1 -1 -1 -1 -1 -1 -1 -1 -1
-1 -1 -1 -1 -1 -1 -1 -1 -1 -1 -1
-1 -1 -1 -1 -1 -1 -1 -1 -1 -1 -1
-1 -1 -1 -1 -1 -1 -1 -1 -1 -1 -1
-1 -1 -1 -1 -1 -1 -1 -1 -1 -1 -1
-1 -1 -1 -1 -1 -1 -1 -1 -1 -1 -1
-1 -1 -1 -1 -1 -1 -1 -1 -1 -1 -1
-1 -1 -1 -1 -1 -1 -1 -1 -1 -1 -1
-1 -1 -1 -1 -1 -1 -1 -1 -1 -1 -1
-1 -1 -1 -1 -1 -1 -1 -1 -1 -1 -1
-1 -1 -1 -1 -1 -1 -1 -1 -1 -1 -1
-1 -1 -1 -1 -1 -1 -1 -1 -1 -1 -1
-1 -1 -1 -1 -1 -1 -1 -1 -1 -1 -1
-1 -1 -1 -1 -1 -1 -1 -1 -1 -1 -1
18
115680
2 43 -2 6
2 50 1 0
0 0 0 0 0 0 0 0 0 0 0
0 0 0 0 1 0 0 0 0 0 0
0 1 0 1 0 0 0 0 0 0 0
1 1 0 0 0 0 0 0 0 0 0
0 0 0 0 0 1 0 0 1 0 0
0 0 0 0 0 0 0 0 0 0 0
2 2 2 2 2 2 2 2 2 2 2
0 0 0 1 0 0 1 0 1 1 1
1 1 0 0 0 1 1 1 1 0 1
0 0 0 0 0 0 0 0 0 0 0
1 0 0 0 1 1 0 0 1 0 0
0 1 0 0 0 1 0 0 0 0 0
0 0 0 0 1 0 0 0 0 0 1
0 0 0 0 0 0 0 0 0 0 0
2 2 2 2 2 2 0 2 2 2 2
2 2 2 2 2 2 2 2 2 2 2
2 2 2 2 0 2 0 2 2 2 2
0 0 0 0 0 0 0 0 0 2 1
0 0 0 0 1 1 0 0 0 2 0
0 0 0 0 1 1 0 0 0 0 0
0 0 0 0 1 2 0 0 0 0 0
0 0 0 0 1 2 0 0 0 0 0
0 0 0 0 0 2 0 0 0 0 0
0 0 0 0 0 2 0 0 0 0 0
0 0 0 0 0 2 0 0 0 0 0
0 0 0 0 0 2 0 0 0 0 0
0 0 0 0 0 0 0 0 0 0 0
0 0 0 0 0 0 0 0 2 0 1
0 0 0 0 2 0 0 0 2 0 1
0 0 0 0 2 0 0 1 2 0 1
0 0 0 0 2 0 0 1 2 0 0
0 0 0 0 0 0 1 1 2 0 0
0 0 0 0 0 0 1 1 2 1 0
0 0 0 0 0 0 1 1 2 1 0
0 0 0 0 0 0 1 1 2 1 0
0 0 0 0 0 0 0 0 0 0 0
1 0 1 0 0 0 0 1 1 1 0
0 0 0 1 0 1 0 0 0 0 1
0 0 0 0 0 0 0 0 0 0 0
2 2 2 2 2 2 2 2 2 2 2
2 2 2 2 2 2 2 2 2 2 2
1 0 0 0 0 1 0 0 1 1 1
0 0 0 0 0 0 0 0 0 0 0
2 2 0 0 2 2 2 0 0 2 2
0 2 2 2 0 2 0 2 2 2 0
2 2 0 2 2 2 2 2 0 2 2
2 2 2 2 2 2 2 2 2 2 2
0 0 1 1 1 1 1 1 1 0 0
0 0 0 0 0 0 0 0 0 0 0
0 0 1 1 1 1 1 1 1 1 1
0 0 0 0 0 0 0 0 0 0 0
1 1 1 0 0 0 0 0 0 0 2
1 1 0 0 0 0 0 0 0 0 2
1 2 0 0 0 0 0 0 0 0 0
0 2 0 0 0 0 0 1 1 1 1
0 0 1 0 0 0 2 1 1 1 1
2 0 1 0 0 0 2 0 0 1 0
2 1 1 1 0 0 2 0 0 0 0
0 0 1 0 1 1 2 0 0 0 0
0 0 0 0 0 0 0 0 0 0 0
0 0 0 0 0 0 0 0 0 0 0
-1 -1 -1 -1 -1 -1 -1 -1 -1 -1 -1
-1 -1 -1 -1 -1 -1 -1 -1 -1 -1 -1
-1 -1 -1 -1 -1 -1 -1 -1 -1 -1 -1
-1 -1 -1 -1 -1 -1 -1 -1 -1 -1 -1
-1 -1 -1 -1 -1 -1 -1 -1 -1 -1 -1
-1 -1 -1 -1 -1 -1 -1 -1 -1 -1 -1
-1 -1 -1 -1 -1 -1 -1 -1 -1 -1 -1
-1 -1 -1 -1 -1 -1 -1 -1 -1 -1 -1
-1 -1 -1 -1 -1 -1 -1 -1 -1 -1 -1
-1 -1 -1 -1 -1 -1 -1 -1 -1 -1 -1
-1 -1 -1 -1 -1 -1 -1 -1 -1 -1 -1
-1 -1 -1 -1 -1 -1 -1 -1 -1 -1 -1
-1 -1 -1 -1 -1 -1 -1 -1 -1 -1 -1
-1 -1 -1 -1 -1 -1 -1 -1 -1 -1 -1
-1 -1 -1 -1 -1 -1 -1 -1 -1 -1 -1
-1 -1 -1 -1 -1 -1 -1 -1 -1 -1 -1
-1 -1 -1 -1 -1 -1 -1 -1 -1 -1 -1
-1 -1 -1 -1 -1 -1 -1 -1 -1 -1 -1
-1 -1 -1 -1 -1 -1 -1 -1 -1 -1 -1
-1 -1 -1 -1 -1 -1 -1 -1 -1 -1 -1
-1 -1 -1 -1 -1 -1 -1 -1 -1 -1 -1
-1 -1 -1 -1 -1 -1 -1 -1 -1 -1 -1
-1 -1 -1 -1 -1 -1 -1 -1 -1 -1 -1
-1 -1 -1 -1 -1 -1 -1 -1 -1 -1 -1
-1 -1 -1 -1 -1 -1 -1 -1 -1 -1 -1
-1 -1 -1 -1 -1 -1 -1 -1 -1 -1 -1
-1 -1 -1 -1 -1 -1 -1 -1 -1 -1 -1
-1 -1 -1 -1 -1 -1 -1 -1 -1 -1 -1
-1 -1 -1 -1 -1 -1 -1 -1 -1 -1 -1
-1 -1 -1 -1 -1 -1 -1 -1 -1 -1 -1
-1 -1 -1 -1 -1 -1 -1 -1 -1 -1 -1
-1 -1 -1 -1 -1 -1 -1 -1 -1 -1 -1
19
115674
0 50 -2 7
4 51 2 1
0 0 0 0 0 0 0 0 0 0 0
0 0 0 0 1 0 0 0 0 0 0
0 1 0 1 0 0 0 0 0 0 0
1 1 0 0 0 0 0 0 0 0 0
0 0 0 0 0 1 0 0 1 0 0
0 0 0 0 0 0 0 0 0 0 0
2 2 2 2 2 2 2 2 2 2 2
0 0 0 1 0 0 1 0 1 1 1
1 1 0 0 0 1 1 1 1 0 1
0 0 0 0 0 0 0 0 0 0 0
1 0 0 0 1 1 0 0 1 0 0
0 1 0 0 0 1 0 0 0 0 0
0 0 0 0 1 0 0 0 0 0 1
0 0 0 0 0 0 0 0 0 0 0
2 2 2 2 2 2 0 2 2 2 2
2 2 2 2 2 2 2 2 2 2 2
2 2 2 2 0 2 0 2 2 2 2
0 0 0 0 0 0 0 0 0 2 1
0 0 0 0 1 1 0 0 0 2 0
0 0 0 0 1 1 0 0 0 0 0
0 0 0 0 1 2 0 0 0 0 0
0 0 0 0 1 2 0 0 0 0 0
0 0 0 0 0 2 0 0 0 0 0
0 0 0 0 0 2 0 0 0 0 0
0 0 0 0 0 2 0 0 0 0 0
0 0 0 0 0 2 0 0 0 0 0
0 0 0 0 0 0 0 0 0 0 0
0 0 0 0 0 0 0 0 2 0 1
0 0 0 0 2 0 0 0 2 0 1
0 0 0 0 2 0 0 1 2 0 1
0 0 0 0 2 0 0 1 2 0 0
0 0 0 0 0 0 1 1 2 0 0
0 0 0 0 0 0 1 1 2 1 0
0 0 0 0 0 0 1 1 2 1 0
0 0 0 0 0 0 1 1 2 1 0
0 0 0 0 0 0 0 0 0 0 0
1 0 1 0 0 0 0 1 1 1 0
0 0 0 1 0 1 0 0 0 0 1
0 0 0 0 0 0 0 0 0 0 0
2 2 2 2 2 2 2 2 2 2 2
2 2 2 2 2 2 2 2 2 2 2
1 0 0 0 0 1 0 0 1 1 1
0 0 0 0 0 0 0 0 0 0 0
2 2 0 0 2 2 2 0 0 2 2
0 2 2 2 0 2 0 2 2 2 0
2 2 0 2 2 2 2 2 0 2 2
2 2 2 2 2 2 2 2 2 2 2
0 0 1 1 1 1 1 1 1 0 0
0 0 0 0 0 0 0 0 0 0 0
0 0 1 1 1 1 1 1 1 1 1
0 0 0 0 0 0 0 0 0 0 0
1 1 1 0 0 0 0 0 0 0 2
1 1 0 0 0 0 0 0 0 0 2
1 2 0 0 0 0 0 0 0 0 0
0 2 0 0 0 0 0 1 1 1 1
0 0 1 0 0 0 2 1 1 1 1
2 0 1 0 0 0 2 0 0 1 0
2 1 1 1 0 0 2 0 0 0 0
0 0 1 0 1 1 2 0 0 0 0
0 0 0 0 0 0 0 0 0 0 0
0 0 0 0 0 0 0 0 0 0 0
0 0 0 0 0 0 0 0 0 0 0
-1 -1 -1 -1 -1 -1 -1 -1 -1 -1 -1
-1 -1 -1 -1 -1 -1 -1 -1 -1 -1 -1
-1 -1 -1 -1 -1 -1 -1 -1 -1 -1 -1
-1 -1 -1 -1 -1 -1 -1 -1 -1 -1 -1
-1 -1 -1 -1 -1 -1 -1 -1 -1 -1 -1
-1 -1 -1 -1 -1 -1 -1 -1 -1 -1 -1
-1 -1 -1 -1 -1 -1 -1 -1 -1 -1 -1
-1 -1 -1 -1 -1 -1 -1 -1 -1 -1 -1
-1 -1 -1 -1 -1 -1 -1 -1 -1 -1 -1
-1 -1 -1 -1 -1 -1 -1 -1 -1 -1 -1
-1 -1 -1 -1 -1 -1 -1 -1 -1 -1 -1
-1 -1 -1 -1 -1 -1 -1 -1 -1 -1 -1
-1 -1 -1 -1 -1 -1 -1 -1 -1 -1 -1
-1 -1 -1 -1 -1 -1 -1 -1 -1 -1 -1
-1 -1 -1 -1 -1 -1 -1 -1 -1 -1 -1
-1 -1 -1 -1 -1 -1 -1 -1 -1 -1 -1
-1 -1 -1 -1 -1 -1 -1 -1 -1 -1 -1
-1 -1 -1 -1 -1 -1 -1 -1 -1 -1 -1
-1 -1 -1 -1 -1 -1 -1 -1 -1 -1 -1
-1 -1 -1 -1 -1 -1 -1 -1 -1 -1 -1
-1 -1 -1 -1 -1 -1 -1 -1 -1 -1 -1
-1 -1 -1 -1 -1 -1 -1 -1 -1 -1 -1
-1 -1 -1 -1 -1 -1 -1 -1 -1 -1 -1
-1 -1 -1 -1 -1 -1 -1 -1 -1 -1 -1
-1 -1 -1 -1 -1 -1 -1 -1 -1 -1 -1
-1 -1 -1 -1 -1 -1 -1 -1 -1 -1 -1
-1 -1 -1 -1 -1 -1 -1 -1 -1 -1 -1
-1 -1 -1 -1 -1 -1 -1 -1 -1 -1 -1
-1 -1 -1 -1 -1 -1 -1 -1 -1 -1 -1
-1 -1 -1 -1 -1 -1 -1 -1 -1 -1 -1
-1 -1 -1 -1 -1 -1 -1 -1 -1 -1 -1
20
115674
0 50 0 0
5 53 1 2
0 0 0 0 0 0 0 0 0 0 0
0 0 0 0 1 0 0 0 0 0 0
0 1 0 1 0 0 0 0 0 0 0
1 1 0 0 0 0 0 0 0 0 0
0 0 0 0 0 1 0 0 1 0 0
0 0 0 0 0 0 0 0 0 0 0
2 2 2 2 2 2 2 2 2 2 2
0 0 0 1 0 0 1 0 1 1 1
1 1 0 0 0 1 1 1 1 0 1
0 0 0 0 0 0 0 0 0 0 0
1 0 0 0 1 1 0 0 1 0 0
0 1 0 0 0 1 0 0 0 0 0
0 0 0 0 1 0 0 0 0 0 1
0 0 0 0 0 0 0 0 0 0 0
2 2 2 2 2 2 0 2 2 2 2
2 2 2 2 2 2 2 2 2 2 2
2 2 2 2 0 2 0 2 2 2 2
0 0 0 0 0 0 0 0 0 2 1
0 0 0 0 1 1 0 0 0 2 0
0 0 0 0 1 1 0 0 0 0 0
0 0 0 0 1 2 0 0 0 0 0
0 0 0 0 1 2 0 0 0 0 0
0 0 0 0 0 2 0 0 0 0 0
0 0 0 0 0 2 0 0 0 0 0
0 0 0 0 0 2 0 0 0 0 0
0 0 0 0 0 2 0 0 0 0 0
0 0 0 0 0 0 0 0 0 0 0
0 0 0 0 0 0 0 0 2 0 1
0 0 0 0 2 0 0 0 2 0 1
0 0 0 0 2 0 0 1 2 0 1
0 0 0 0 2 0 0 1 2 0 0
0 0 0 0 0 0 1 1 2 0 0
0 0 0 0 0 0 1 1 2 1 0
0 0 0 0 0 0 1 1 2 1 0
0 0 0 0 0 0 1 1 2 1 0
0 0 0 0 0 0 0 0 0 0 0
1 0 1 0 0 0 0 1 1 1 0
0 0 0 1 0 1 0 0 0 0 1
0 0 0 0 0 0 0 0 0 0 0
2 2 2 2 2 2 2 2 2 2 2
2 2 2 2 2 2 2 2 2 2 2
1 0 0 0 0 1 0 0 1 1 1
0 0 0 0 0 0 0 0 0 0 0
2 2 0 0 2 2 2 0 0 2 2
0 2 2 2 0 2 0 2 2 2 0
2 2 0 2 2 2 2 2 0 2 2
2 2 2 2 2 2 2 2 2 2 2
0 0 1 1 1 1 1 1 1 0 0
0 0 0 0 0 0 0 0 0 0 0
0 0 1 1 1 1 1 1 1 1 1
0 0 0 0 0 0 0 0 0 0 0
1 1 1 0 0 0 0 0 0 0 2
1 1 0 0 0 0 0 0 0 0 2
1 2 0 0 0 0 0 0 0 0 0
0 2 0 0 0 0 0 1 1 1 1
0 0 1 0 0 0 2 1 1 1 1
2 0 1 0 0 0 2 0 0 1 0
2 1 1 1 0 0 2 0 0 0 0
0 0 1 0 1 1 2 0 0 0 0
0 0 0 0 0 0 0 0 0 0 0
0 0 0 0 0 0 0 0 0 0 0
0 0 0 0 0 0 0 0 0 0 0
0 0 0 0 0 0 0 0 0 0 0
0 0 0 0 0 0 0 0 0 0 0
-1 -1 -1 -1 -1 -1 -1 -1 -1 -1 -1
-1 -1 -1 -1 -1 -1 -1 -1 -1 -1 -1
-1 -1 -1 -1 -1 -1 -1 -1 -1 -1 -1
-1 -1 -1 -1 -1 -1 -1 -1 -1 -1 -1
-1 -1 -1 -1 -1 -1 -1 -1 -1 -1 -1
-1 -1 -1 -1 -1 -1 -1 -1 -1 -1 -1
-1 -1 -1 -1 -1 -1 -1 -1 -1 -1 -1
-1 -1 -1 -1 -1 -1 -1 -1 -1 -1 -1
-1 -1 -1 -1 -1 -1 -1 -1 -1 -1 -1
-1 -1 -1 -1 -1 -1 -1 -1 -1 -1 -1
-1 -1 -1 -1 -1 -1 -1 -1 -1 -1 -1
-1 -1 -1 -1 -1 -1 -1 -1 -1 -1 -1
-1 -1 -1 -1 -1 -1 -1 -1 -1 -1 -1
-1 -1 -1 -1 -1 -1 -1 -1 -1 -1 -1
-1 -1 -1 -1 -1 -1 -1 -1 -1 -1 -1
-1 -1 -1 -1 -1 -1 -1 -1 -1 -1 -1
-1 -1 -1 -1 -1 -1 -1 -1 -1 -1 -1
-1 -1 -1 -1 -1 -1 -1 -1 -1 -1 -1
-1 -1 -1 -1 -1 -1 -1 -1 -1 -1 -1
-1 -1 -1 -1 -1 -1 -1 -1 -1 -1 -1
-1 -1 -1 -1 -1 -1 -1 -1 -1 -1 -1
-1 -1 -1 -1 -1 -1 -1 -1 -1 -1 -1
-1 -1 -1 -1 -1 -1 -1 -1 -1 -1 -1
-1 -1 -1 -1 -1 -1 -1 -1 -1 -1 -1
-1 -1 -1 -1 -1 -1 -1 -1 -1 -1 -1
-1 -1 -1 -1 -1 -1 -1 -1 -1 -1 -1
-1 -1 -1 -1 -1 -1 -1 -1 -1 -1 -1
-1 -1 -1 -1 -1 -1 -1 -1 -1 -1 -1
-1 -1 -1 -1 -1 -1 -1 -1 -1 -1 -1
21
115604
1 50 1 0
6 56 0 0
0 0 0 0 0 0 0 0 0 0 0
0 0 0 0 1 0 0 0 0 0 0
0 1 0 1 0 0 0 0 0 0 0
1 1 0 0 0 0 0 0 0 0 0
0 0 0 0 0 1 0 0 1 0 0
0 0 0 0 0 0 0 0 0 0 0
2 2 2 2 2 2 2 2 2 2 2
0 0 0 1 0 0 1 0 1 1 1
1 1 0 0 0 1 1 1 1 0 1
0 0 0 0 0 0 0 0 0 0 0
1 0 0 0 1 1 0 0 1 0 0
0 1 0 0 0 1 0 0 0 0 0
0 0 0 0 1 0 0 0 0 0 1
0 0 0 0 0 0 0 0 0 0 0
2 2 2 2 2 2 0 2 2 2 2
2 2 2 2 2 2 2 2 2 2 2
2 2 2 2 0 2 0 2 2 2 2
0 0 0 0 0 0 0 0 0 2 1
0 0 0 0 1 1 0 0 0 2 0
0 0 0 0 1 1 0 0 0 0 0
0 0 0 0 1 2 0 0 0 0 0
0 0 0 0 1 2 0 0 0 0 0
0 0 0 0 0 2 0 0 0 0 0
0 0 0 0 0 2 0 0 0 0 0
0 0 0 0 0 2 0 0 0 0 0
0 0 0 0 0 2 0 0 0 0 0
0 0 0 0 0 0 0 0 0 0 0
0 0 0 0 0 0 0 0 2 0 1
0 0 0 0 2 0 0 0 2 0 1
0 0 0 0 2 0 0 1 2 0 1
0 0 0 0 2 0 0 1 2 0 0
0 0 0 0 0 0 1 1 2 0 0
0 0 0 0 0 0 1 1 2 1 0
0 0 0 0 0 0 1 1 2 1 0
0 0 0 0 0 0 1 1 2 1 0
0 0 0 0 0 0 0 0 0 0 0
1 0 1 0 0 0 0 1 1 1 0
0 0 0 1 0 1 0 0 0 0 1
0 0 0 0 0 0 0 0 0 0 0
2 2 2 2 2 2 2 2 2 2 2
2 2 2 2 2 2 2 2 2 2 2
1 0 0 0 0 1 0 0 1 1 1
0 0 0 0 0 0 0 0 0 0 0
2 2 0 0 2 2 2 0 0 2 2
0 2 2 2 0 2 0 2 2 2 0
2 2 0 2 2 2 2 2 0 2 2
2 2 2 2 2 2 2 2 2 2 2
0 0 1 1 1 1 1 1 1 0 0
0 0 0 0 0 0 0 0 0 0 0
0 0 1 1 1 1 1 1 1 1 1
0 0 0 0 0 0 0 0 0 0 0
1 1 1 0 0 0 0 0 0 0 2
1 1 0 0 0 0 0 0 0 0 2
1 2 0 0 0 0 0 0 0 0 0
0 2 0 0 0 0 0 1 1 1 1
0 0 1 0 0 0 2 1 1 1 1
2 0 1 0 0 0 2 0 0 1 0
2 1 1 1 0 0 2 0 0 0 0
0 0 1 0 1 1 2 0 0 0 0
0 0 0 0 0 0 0 0 0 0 0
0 0 0 0 0 0 0 0 0 0 0
0 0 0 0 0 0 0 0 0 0 0
0 0 0 0 0 0 0 0 0 0 0
0 0 0 0 0 0 0 0 0 0 0
0 1 1 1 1 0 1 1 1 1 0
0 1 1 1 1 0 1 1 1 1 0
0 0 0 0 0 0 0 0 0 0 0
-1 -1 -1 -1 -1 -1 -1 -1 -1 -1 -1
-1 -1 -1 -1 -1 -1 -1 -1 -1 -1 -1
-1 -1 -1 -1 -1 -1 -1 -1 -1 -1 -1
-1 -1 -1 -1 -1 -1 -1 -1 -1 -1 -1
-1 -1 -1 -1 -1 -1 -1 -1 -1 -1 -1
-1 -1 -1 -1 -1 -1 -1 -1 -1 -1 -1
-1 -1 -1 -1 -1 -1 -1 -1 -1 -1 -1
-1 -1 -1 -1 -1 -1 -1 -1 -1 -1 -1
-1 -1 -1 -1 -1 -1 -1 -1 -1 -1 -1
-1 -1 -1 -1 -1 -1 -1 -1 -1 -1 -1
-1 -1 -1 -1 -1 -1 -1 -1 -1 -1 -1
-1 -1 -1 -1 -1 -1 -1 -1 -1 -1 -1
-1 -1 -1 -1 -1 -1 -1 -1 -1 -1 -1
-1 -1 -1 -1 -1 -1 -1 -1 -1 -1 -1
-1 -1 -1 -1 -1 -1 -1 -1 -1 -1 -1
-1 -1 -1 -1 -1 -1 -1 -1 -1 -1 -1
-1 -1 -1 -1 -1 -1 -1 -1 -1 -1 -1
-1 -1 -1 -1 -1 -1 -1 -1 -1 -1 -1
-1 -1 -1 -1 -1 -1 -1 -1 -1 -1 -1
-1 -1 -1 -1 -1 -1 -1 -1 -1 -1 -1
-1 -1 -1 -1 -1 -1 -1 -1 -1 -1 -1
-1 -1 -1 -1 -1 -1 -1 -1 -1 -1 -1
-1 -1 -1 -1 -1 -1 -1 -1 -1 -1 -1
-1 -1 -1 -1 -1 -1 -1 -1 -1 -1 -1
-1 -1 -1 -1 -1 -1 -1 -1 -1 -1 -1
-1 -1 -1 -1 -1 -1 -1 -1 -1 -1 -1
22
115524
3 50 2 0
7 57 1 1
0 0 0 0 0 0 0 0 0 0 0
0 0 0 0 1 0 0 0 0 0 0
0 1 0 1 0 0 0 0 0 0 0
1 1 0 0 0 0 0 0 0 0 0
0 0 0 0 0 1 0 0 1 0 0
0 0 0 0 0 0 0 0 0 0 0
2 2 2 2 2 2 2 2 2 2 2
0 0 0 1 0 0 1 0 1 1 1
1 1 0 0 0 1 1 1 1 0 1
0 0 0 0 0 0 0 0 0 0 0
1 0 0 0 1 1 0 0 1 0 0
0 1 0 0 0 1 0 0 0 0 0
0 0 0 0 1 0 0 0 0 0 1
0 0 0 0 0 0 0 0 0 0 0
2 2 2 2 2 2 0 2 2 2 2
2 2 2 2 2 2 2 2 2 2 2
2 2 2 2 0 2 0 2 2 2 2
0 0 0 0 0 0 0 0 0 2 1
0 0 0 0 1 1 0 0 0 2 0
0 0 0 0 1 1 0 0 0 0 0
0 0 0 0 1 2 0 0 0 0 0
0 0 0 0 1 2 0 0 0 0 0
0 0 0 0 0 2 0 0 0 0 0
0 0 0 0 0 2 0 0 0 0 0
0 0 0 0 0 2 0 0 0 0 0
0 0 0 0 0 2 0 0 0 0 0
0 0 0 0 0 0 0 0 0 0 0
0 0 0 0 0 0 0 0 2 0 1
0 0 0 0 2 0 0 0 2 0 1
0 0 0 0 2 0 0 1 2 0 1
0 0 0 0 2 0 0 1 2 0 0
0 0 0 0 0 0 1 1 2 0 0
0 0 0 0 0 0 1 1 2 1 0
0 0 0 0 0 0 1 1 2 1 0
0 0 0 0 0 0 1 1 2 1 0
0 0 0 0 0 0 0 0 0 0 0
1 0 1 0 0 0 0 1 1 1 0
0 0 0 1 0 1 0 0 0 0 1
0 0 0 0 0 0 0 0 0 0 0
2 2 2 2 2 2 2 2 2 2 2
2 2 2 2 2 2 2 2 2 2 2
1 0 0 0 0 1 0 0 1 1 1
0 0 0 0 0 0 0 0 0 0 0
2 2 0 0 2 2 2 0 0 2 2
0 2 2 2 0 2 0 2 2 2 0
2 2 0 2 2 2 2 2 0 2 2
2 2 2 2 2 2 2 2 2 2 2
0 0 1 1 1 1 1 1 1 0 0
0 0 0 0 0 0 0 0 0 0 0
0 0 1 1 1 1 1 1 1 1 1
0 0 0 0 0 0 0 0 0 0 0
1 1 1 0 0 0 0 0 0 0 2
1 1 0 0 0 0 0 0 0 0 2
1 2 0 0 0 0 0 0 0 0 0
0 2 0 0 0 0 0 1 1 1 1
0 0 1 0 0 0 2 1 1 1 1
2 0 1 0 0 0 2 0 0 1 0
2 1 1 1 0 0 2 0 0 0 0
0 0 1 0 1 1 2 0 0 0 0
0 0 0 0 0 0 0 0 0 0 0
0 0 0 0 0 0 0 0 0 0 0
0 0 0 0 0 0 0 0 0 0 0
0 0 0 0 0 0 0 0 0 0 0
0 0 0 0 0 0 0 0 0 0 0
0 1 1 1 1 0 1 1 1 1 0
0 1 1 1 1 0 1 1 1 1 0
0 0 0 0 0 0 0 0 0 0 0
0 0 0 0 0 0 0 0 0 0 0
-1 -1 -1 -1 -1 -1 -1 -1 -1 -1 -1
-1 -1 -1 -1 -1 -1 -1 -1 -1 -1 -1
-1 -1 -1 -1 -1 -1 -1 -1 -1 -1 -1
-1 -1 -1 -1 -1 -1 -1 -1 -1 -1 -1
-1 -1 -1 -1 -1 -1 -1 -1 -1 -1 -1
-1 -1 -1 -1 -1 -1 -1 -1 -1 -1 -1
-1 -1 -1 -1 -1 -1 -1 -1 -1 -1 -1
-1 -1 -1 -1 -1 -1 -1 -1 -1 -1 -1
-1 -1 -1 -1 -1 -1 -1 -1 -1 -1 -1
-1 -1 -1 -1 -1 -1 -1 -1 -1 -1 -1
-1 -1 -1 -1 -1 -1 -1 -1 -1 -1 -1
-1 -1 -1 -1 -1 -1 -1 -1 -1 -1 -1
-1 -1 -1 -1 -1 -1 -1 -1 -1 -1 -1
-1 -1 -1 -1 -1 -1 -1 -1 -1 -1 -1
-1 -1 -1 -1 -1 -1 -1 -1 -1 -1 -1
-1 -1 -1 -1 -1 -1 -1 -1 -1 -1 -1
-1 -1 -1 -1 -1 -1 -1 -1 -1 -1 -1
-1 -1 -1 -1 -1 -1 -1 -1 -1 -1 -1
-1 -1 -1 -1 -1 -1 -1 -1 -1 -1 -1
-1 -1 -1 -1 -1 -1 -1 -1 -1 -1 -1
-1 -1 -1 -1 -1 -1 -1 -1 -1 -1 -1
-1 -1 -1 -1 -1 -1 -1 -1 -1 -1 -1
-1 -1 -1 -1 -1 -1 -1 -1 -1 -1 -1
-1 -1 -1 -1 -1 -1 -1 -1 -1 -1 -1
-1 -1 -1 -1 -1 -1 -1 -1 -1 -1 -1
23
115454
4 51 1 1
9 59 2 2
0 0 0 0 0 0 0 0 0 0 0
0 0 0 0 1 0 0 0 0 0 0
0 1 0 1 0 0 0 0 0 0 0
1 1 0 0 0 0 0 0 0 0 0
0 0 0 0 0 1 0 0 1 0 0
0 0 0 0 0 0 0 0 0 0 0
2 2 2 2 2 2 2 2 2 2 2
0 0 0 1 0 0 1 0 1 1 1
1 1 0 0 0 1 1 1 1 0 1
0 0 0 0 0 0 0 0 0 0 0
1 0 0 0 1 1 0 0 1 0 0
0 1 0 0 0 1 0 0 0 0 0
0 0 0 0 1 0 0 0 0 0 1
0 0 0 0 0 0 0 0 0 0 0
2 2 2 2 2 2 0 2 2 2 2
2 2 2 2 2 2 2 2 2 2 2
2 2 2 2 0 2 0 2 2 2 2
0 0 0 0 0 0 0 0 0 2 1
0 0 0 0 1 1 0 0 0 2 0
0 0 0 0 1 1 0 0 0 0 0
0 0 0 0 1 2 0 0 0 0 0
0 0 0 0 1 2 0 0 0 0 0
0 0 0 0 0 2 0 0 0 0 0
0 0 0 0 0 2 0 0 0 0 0
0 0 0 0 0 2 0 0 0 0 0
0 0 0 0 0 2 0 0 0 0 0
0 0 0 0 0 0 0 0 0 0 0
0 0 0 0 0 0 0 0 2 0 1
0 0 0 0 2 0 0 0 2 0 1
0 0 0 0 2 0 0 1 2 0 1
0 0 0 0 2 0 0 1 2 0 0
0 0 0 0 0 0 1 1 2 0 0
0 0 0 0 0 0 1 1 2 1 0
0 0 0 0 0 0 1 1 2 1 0
0 0 0 0 0 0 1 1 2 1 0
0 0 0 0 0 0 0 0 0 0 0
1 0 1 0 0 0 0 1 1 1 0
0 0 0 1 0 1 0 0 0 0 1
0 0 0 0 0 0 0 0 0 0 0
2 2 2 2 2 2 2 2 2 2 2
2 2 2 2 2 2 2 2 2 2 2
1 0 0 0 0 1 0 0 1 1 1
0 0 0 0 0 0 0 0 0 0 0
2 2 0 0 2 2 2 0 0 2 2
0 2 2 2 0 2 0 2 2 2 0
2 2 0 2 2 2 2 2 0 2 2
2 2 2 2 2 2 2 2 2 2 2
0 0 1 1 1 1 1 1 1 0 0
0 0 0 0 0 0 0 0 0 0 0
0 0 1 1 1 1 1 1 1 1 1
0 0 0 0 0 0 0 0 0 0 0
1 1 1 0 0 0 0 0 0 0 2
1 1 0 0 0 0 0 0 0 0 2
1 2 0 0 0 0 0 0 0 0 0
0 2 0 0 0 0 0 1 1 1 1
0 0 1 0 0 0 2 1 1 1 1
2 0 1 0 0 0 2 0 0 1 0
2 1 1 1 0 0 2 0 0 0 0
0 0 1 0 1 1 2 0 0 0 0
0 0 0 0 0 0 0 0 0 0 0
0 0 0 0 0 0 0 0 0 0 0
0 0 0 0 0 0 0 0 0 0 0
0 0 0 0 0 0 0 0 0 0 0
0 0 0 0 0 0 0 0 0 0 0
0 1 1 1 1 0 1 1 1 1 0
0 1 1 1 1 0 1 1 1 1 0
0 0 0 0 0 0 0 0 0 0 0
0 0 0 0 0 0 0 0 0 0 0
0 0 0 0 0 0 0 0 0 0 0
0 1 1 1 1 1 1 1 1 1 0
-1 -1 -1 -1 -1 -1 -1 -1 -1 -1 -1
-1 -1 -1 -1 -1 -1 -1 -1 -1 -1 -1
-1 -1 -1 -1 -1 -1 -1 -1 -1 -1 -1
-1 -1 -1 -1 -1 -1 -1 -1 -1 -1 -1
-1 -1 -1 -1 -1 -1 -1 -1 -1 -1 -1
-1 -1 -1 -1 -1 -1 -1 -1 -1 -1 -1
-1 -1 -1 -1 -1 -1 -1 -1 -1 -1 -1
-1 -1 -1 -1 -1 -1 -1 -1 -1 -1 -1
-1 -1 -1 -1 -1 -1 -1 -1 -1 -1 -1
-1 -1 -1 -1 -1 -1 -1 -1 -1 -1 -1
-1 -1 -1 -1 -1 -1 -1 -1 -1 -1 -1
-1 -1 -1 -1 -1 -1 -1 -1 -1 -1 -1
-1 -1 -1 -1 -1 -1 -1 -1 -1 -1 -1
-1 -1 -1 -1 -1 -1 -1 -1 -1 -1 -1
-1 -1 -1 -1 -1 -1 -1 -1 -1 -1 -1
-1 -1 -1 -1 -1 -1 -1 -1 -1 -1 -1
-1 -1 -1 -1 -1 -1 -1 -1 -1 -1 -1
-1 -1 -1 -1 -1 -1 -1 -1 -1 -1 -1
-1 -1 -1 -1 -1 -1 -1 -1 -1 -1 -1
-1 -1 -1 -1 -1 -1 -1 -1 -1 -1 -1
-1 -1 -1 -1 -1 -1 -1 -1 -1 -1 -1
-1 -1 -1 -1 -1 -1 -1 -1 -1 -1 -1
-1 -1 -1 -1 -1 -1 -1 -1 -1 -1 -1
24
115368
4 53 0 2
10 62 1 3
0 0 0 0 0 0 0 0 0 0 0
0 0 0 0 1 0 0 0 0 0 0
0 1 0 1 0 0 0 0 0 0 0
1 1 0 0 0 0 0 0 0 0 0
0 0 0 0 0 1 0 0 1 0 0
0 0 0 0 0 0 0 0 0 0 0
2 2 2 2 2 2 2 2 2 2 2
0 0 0 1 0 0 1 0 1 1 1
1 1 0 0 0 1 1 1 1 0 1
0 0 0 0 0 0 0 0 0 0 0
1 0 0 0 1 1 0 0 1 0 0
0 1 0 0 0 1 0 0 0 0 0
0 0 0 0 1 0 0 0 0 0 1
0 0 0 0 0 0 0 0 0 0 0
2 2 2 2 2 2 0 2 2 2 2
2 2 2 2 2 2 2 2 2 2 2
2 2 2 2 0 2 0 2 2 2 2
0 0 0 0 0 0 0 0 0 2 1
0 0 0 0 1 1 0 0 0 2 0
0 0 0 0 1 1 0 0 0 0 0
0 0 0 0 1 2 0 0 0 0 0
0 0 0 0 1 2 0 0 0 0 0
0 0 0 0 0 2 0 0 0 0 0
0 0 0 0 0 2 0 0 0 0 0
0 0 0 0 0 2 0 0 0 0 0
0 0 0 0 0 2 0 0 0 0 0
0 0 0 0 0 0 0 0 0 0 0
0 0 0 0 0 0 0 0 2 0 1
0 0 0 0 2 0 0 0 2 0 1
0 0 0 0 2 0 0 1 2 0 1
0 0 0 0 2 0 0 1 2 0 0
0 0 0 0 0 0 1 1 2 0 0
0 0 0 0 0 0 1 1 2 1 0
0 0 0 0 0 0 1 1 2 1 0
0 0 0 0 0 0 1 1 2 1 0
0 0 0 0 0 0 0 0 0 0 0
1 0 1 0 0 0 0 1 1 1 0
0 0 0 1 0 1 0 0 0 0 1
0 0 0 0 0 0 0 0 0 0 0
2 2 2 2 2 2 2 2 2 2 2
2 2 2 2 2 2 2 2 2 2 2
1 0 0 0 0 1 0 0 1 1 1
0 0 0 0 0 0 0 0 0 0 0
2 2 0 0 2 2 2 0 0 2 2
0 2 2 2 0 2 0 2 2 2 0
2 2 0 2 2 2 2 2 0 2 2
2 2 2 2 2 2 2 2 2 2 2
0 0 1 1 1 1 1 1 1 0 0
0 0 0 0 0 0 0 0 0 0 0
0 0 1 1 1 1 1 1 1 1 1
0 0 0 0 0 0 0 0 0 0 0
1 1 1 0 0 0 0 0 0 0 2
1 1 0 0 0 0 0 0 0 0 2
1 2 0 0 0 0 0 0 0 0 0
0 2 0 0 0 0 0 1 1 1 1
0 0 1 0 0 0 2 1 1 1 1
2 0 1 0 0 0 2 0 0 1 0
2 1 1 1 0 0 2 0 0 0 0
0 0 1 0 1 1 2 0 0 0 0
0 0 0 0 0 0 0 0 0 0 0
0 0 0 0 0 0 0 0 0 0 0
0 0 0 0 0 0 0 0 0 0 0
0 0 0 0 0 0 0 0 0 0 0
0 0 0 0 0 0 0 0 0 0 0
0 1 1 1 1 0 1 1 1 1 0
0 1 1 1 1 0 1 1 1 1 0
0 0 0 0 0 0 0 0 0 0 0
0 0 0 0 0 0 0 0 0 0 0
0 0 0 0 0 0 0 0 0 0 0
0 1 1 1 1 1 1 1 1 1 0
0 0 0 0 0 0 0 0 0 0 0
2 2 2 2 2 2 2 2 2 2 2
2 2 2 2 2 2 2 2 2 2 2
-1 -1 -1 -1 -1 -1 -1 -1 -1 -1 -1
-1 -1 -1 -1 -1 -1 -1 -1 -1 -1 -1
-1 -1 -1 -1 -1 -1 -1 -1 -1 -1 -1
-1 -1 -1 -1 -1 -1 -1 -1 -1 -1 -1
-1 -1 -1 -1 -1 -1 -1 -1 -1 -1 -1
-1 -1 -1 -1 -1 -1 -1 -1 -1 -1 -1
-1 -1 -1 -1 -1 -1 -1 -1 -1 -1 -1
-1 -1 -1 -1 -1 -1 -1 -1 -1 -1 -1
-1 -1 -1 -1 -1 -1 -1 -1 -1 -1 -1
-1 -1 -1 -1 -1 -1 -1 -1 -1 -1 -1
-1 -1 -1 -1 -1 -1 -1 -1 -1 -1 -1
-1 -1 -1 -1 -1 -1 -1 -1 -1 -1 -1
-1 -1 -1 -1 -1 -1 -1 -1 -1 -1 -1
-1 -1 -1 -1 -1 -1 -1 -1 -1 -1 -1
-1 -1 -1 -1 -1 -1 -1 -1 -1 -1 -1
-1 -1 -1 -1 -1 -1 -1 -1 -1 -1 -1
-1 -1 -1 -1 -1 -1 -1 -1 -1 -1 -1
-1 -1 -1 -1 -1 -1 -1 -1 -1 -1 -1
-1 -1 -1 -1 -1 -1 -1 -1 -1 -1 -1
-1 -1 -1 -1 -1 -1 -1 -1 -1 -1 -1
25
115266
5 56 1 3
10 66 0 4
0 0 0 0 0 0 0 0 0 0 0
0 0 0 0 1 0 0 0 0 0 0
0 1 0 1 0 0 0 0 0 0 0
1 1 0 0 0 0 0 0 0 0 0
0 0 0 0 0 1 0 0 1 0 0
0 0 0 0 0 0 0 0 0 0 0
2 2 2 2 2 2 2 2 2 2 2
0 0 0 1 0 0 1 0 1 1 1
1 1 0 0 0 1 1 1 1 0 1
0 0 0 0 0 0 0 0 0 0 0
1 0 0 0 1 1 0 0 1 0 0
0 1 0 0 0 1 0 0 0 0 0
0 0 0 0 1 0 0 0 0 0 1
0 0 0 0 0 0 0 0 0 0 0
2 2 2 2 2 2 0 2 2 2 2
2 2 2 2 2 2 2 2 2 2 2
2 2 2 2 0 2 0 2 2 2 2
0 0 0 0 0 0 0 0 0 2 1
0 0 0 0 1 1 0 0 0 2 0
0 0 0 0 1 1 0 0 0 0 0
0 0 0 0 1 2 0 0 0 0 0
0 0 0 0 1 2 0 0 0 0 0
0 0 0 0 0 2 0 0 0 0 0
0 0 0 0 0 2 0 0 0 0 0
0 0 0 0 0 2 0 0 0 0 0
0 0 0 0 0 2 0 0 0 0 0
0 0 0 0 0 0 0 0 0 0 0
0 0 0 0 0 0 0 0 2 0 1
0 0 0 0 2 0 0 0 2 0 1
0 0 0 0 2 0 0 1 2 0 1
0 0 0 0 2 0 0 1 2 0 0
0 0 0 0 0 0 1 1 2 0 0
0 0 0 0 0 0 1 1 2 1 0
0 0 0 0 0 0 1 1 2 1 0
0 0 0 0 0 0 1 1 2 1 0
0 0 0 0 0 0 0 0 0 0 0
1 0 1 0 0 0 0 1 1 1 0
0 0 0 1 0 1 0 0 0 0 1
0 0 0 0 0 0 0 0 0 0 0
2 2 2 2 2 2 2 2 2 2 2
2 2 2 2 2 2 2 2 2 2 2
1 0 0 0 0 1 0 0 1 1 1
0 0 0 0 0 0 0 0 0 0 0
2 2 0 0 2 2 2 0 0 2 2
0 2 2 2 0 2 0 2 2 2 0
2 2 0 2 2 2 2 2 0 2 2
2 2 2 2 2 2 2 2 2 2 2
0 0 1 1 1 1 1 1 1 0 0
0 0 0 0 0 0 0 0 0 0 0
0 0 1 1 1 1 1 1 1 1 1
0 0 0 0 0 0 0 0 0 0 0
1 1 1 0 0 0 0 0 0 0 2
1 1 0 0 0 0 0 0 0 0 2
1 2 0 0 0 0 0 0 0 0 0
0 2 0 0 0 0 0 1 1 1 1
0 0 1 0 0 0 2 1 1 1 1
2 0 1 0 0 0 2 0 0 1 0
2 1 1 1 0 0 2 0 0 0 0
0 0 1 0 1 1 2 0 0 0 0
0 0 0 0 0 0 0 0 0 0 0
0 0 0 0 0 0 0 0 0 0 0
0 0 0 0 0 0 0 0 0 0 0
0 0 0 0 0 0 0 0 0 0 0
0 0 0 0 0 0 0 0 0 0 0
0 1 1 1 1 0 1 1 1 1 0
0 1 1 1 1 0 1 1 1 1 0
0 0 0 0 0 0 0 0 0 0 0
0 0 0 0 0 0 0 0 0 0 0
0 0 0 0 0 0 0 0 0 0 0
0 1 1 1 1 1 1 1 1 1 0
0 0 0 0 0 0 0 0 0 0 0
2 2 2 2 2 2 2 2 2 2 2
2 2 2 2 2 2 2 2 2 2 2
0 0 0 0 1 0 0 0 0 0 0
0 0 0 0 1 0 0 0 0 0 0
0 0 0 0 1 0 0 0 0 1 1
0 0 0 2 1 0 0 0 0 1 1
-1 -1 -1 -1 -1 -1 -1 -1 -1 -1 -1
-1 -1 -1 -1 -1 -1 -1 -1 -1 -1 -1
-1 -1 -1 -1 -1 -1 -1 -1 -1 -1 -1
-1 -1 -1 -1 -1 -1 -1 -1 -1 -1 -1
-1 -1 -1 -1 -1 -1 -1 -1 -1 -1 -1
-1 -1 -1 -1 -1 -1 -1 -1 -1 -1 -1
-1 -1 -1 -1 -1 -1 -1 -1 -1 -1 -1
-1 -1 -1 -1 -1 -1 -1 -1 -1 -1 -1
-1 -1 -1 -1 -1 -1 -1 -1 -1 -1 -1
-1 -1 -1 -1 -1 -1 -1 -1 -1 -1 -1
-1 -1 -1 -1 -1 -1 -1 -1 -1 -1 -1
-1 -1 -1 -1 -1 -1 -1 -1 -1 -1 -1
-1 -1 -1 -1 -1 -1 -1 -1 -1 -1 -1
-1 -1 -1 -1 -1 -1 -1 -1 -1 -1 -1
-1 -1 -1 -1 -1 -1 -1 -1 -1 -1 -1
-1 -1 -1 -1 -1 -1 -1 -1 -1 -1 -1
26
115172
7 59 2 3
10 69 0 3
0 0 0 0 0 0 0 0 0 0 0
0 0 0 0 1 0 0 0 0 0 0
0 1 0 1 0 0 0 0 0 0 0
1 1 0 0 0 0 0 0 0 0 0
0 0 0 0 0 1 0 0 1 0 0
0 0 0 0 0 0 0 0 0 0 0
2 2 2 2 2 2 2 2 2 2 2
0 0 0 1 0 0 1 0 1 1 1
1 1 0 0 0 1 1 1 1 0 1
0 0 0 0 0 0 0 0 0 0 0
1 0 0 0 1 1 0 0 1 0 0
0 1 0 0 0 1 0 0 0 0 0
0 0 0 0 1 0 0 0 0 0 1
0 0 0 0 0 0 0 0 0 0 0
2 2 2 2 2 2 0 2 2 2 2
2 2 2 2 2 2 2 2 2 2 2
2 2 2 2 0 2 0 2 2 2 2
0 0 0 0 0 0 0 0 0 2 1
0 0 0 0 1 1 0 0 0 2 0
0 0 0 0 1 1 0 0 0 0 0
0 0 0 0 1 2 0 0 0 0 0
0 0 0 0 1 2 0 0 0 0 0
0 0 0 0 0 2 0 0 0 0 0
0 0 0 0 0 2 0 0 0 0 0
0 0 0 0 0 2 0 0 0 0 0
0 0 0 0 0 2 0 0 0 0 0
0 0 0 0 0 0 0 0 0 0 0
0 0 0 0 0 0 0 0 2 0 1
0 0 0 0 2 0 0 0 2 0 1
0 0 0 0 2 0 0 1 2 0 1
0 0 0 0 2 0 0 1 2 0 0
0 0 0 0 0 0 1 1 2 0 0
0 0 0 0 0 0 1 1 2 1 0
0 0 0 0 0 0 1 1 2 1 0
0 0 0 0 0 0 1 1 2 1 0
0 0 0 0 0 0 0 0 0 0 0
1 0 1 0 0 0 0 1 1 1 0
0 0 0 1 0 1 0 0 0 0 1
0 0 0 0 0 0 0 0 0 0 0
2 2 2 2 2 2 2 2 2 2 2
2 2 2 2 2 2 2 2 2 2 2
1 0 0 0 0 1 0 0 1 1 1
0 0 0 0 0 0 0 0 0 0 0
2 2 0 0 2 2 2 0 0 2 2
0 2 2 2 0 2 0 2 2 2 0
2 2 0 2 2 2 2 2 0 2 2
2 2 2 2 2 2 2 2 2 2 2
0 0 1 1 1 1 1 1 1 0 0
0 0 0 0 0 0 0 0 0 0 0
0 0 1 1 1 1 1 1 1 1 1
0 0 0 0 0 0 0 0 0 0 0
1 1 1 0 0 0 0 0 0 0 2
1 1 0 0 0 0 0 0 0 0 2
1 2 0 0 0 0 0 0 0 0 0
0 2 0 0 0 0 0 1 1 1 1
0 0 1 0 0 0 2 1 1 1 1
2 0 1 0 0 0 2 0 0 1 0
2 1 1 1 0 0 2 0 0 0 0
0 0 1 0 1 1 2 0 0 0 0
0 0 0 0 0 0 0 0 0 0 0
0 0 0 0 0 0 0 0 0 0 0
0 0 0 0 0 0 0 0 0 0 0
0 0 0 0 0 0 0 0 0 0 0
0 0 0 0 0 0 0 0 0 0 0
0 1 1 1 1 0 1 1 1 1 0
0 1 1 1 1 0 1 1 1 1 0
0 0 0 0 0 0 0 0 0 0 0
0 0 0 0 0 0 0 0 0 0 0
0 0 0 0 0 0 0 0 0 0 0
0 1 1 1 1 1 1 1 1 1 0
0 0 0 0 0 0 0 0 0 0 0
2 2 2 2 2 2 2 2 2 2 2
2 2 2 2 2 2 2 2 2 2 2
0 0 0 0 1 0 0 0 0 0 0
0 0 0 0 1 0 0 0 0 0 0
0 0 0 0 1 0 0 0 0 1 1
0 0 0 2 1 0 0 0 0 1 1
0 0 0 2 1 0 0 0 0 0 0
0 0 0 2 1 0 0 0 0 0 0
0 0 0 2 0 0 0 0 0 0 1
-1 -1 -1 -1 -1 -1 -1 -1 -1 -1 -1
-1 -1 -1 -1 -1 -1 -1 -1 -1 -1 -1
-1 -1 -1 -1 -1 -1 -1 -1 -1 -1 -1
-1 -1 -1 -1 -1 -1 -1 -1 -1 -1 -1
-1 -1 -1 -1 -1 -1 -1 -1 -1 -1 -1
-1 -1 -1 -1 -1 -1 -1 -1 -1 -1 -1
-1 -1 -1 -1 -1 -1 -1 -1 -1 -1 -1
-1 -1 -1 -1 -1 -1 -1 -1 -1 -1 -1
-1 -1 -1 -1 -1 -1 -1 -1 -1 -1 -1
-1 -1 -1 -1 -1 -1 -1 -1 -1 -1 -1
-1 -1 -1 -1 -1 -1 -1 -1 -1 -1 -1
-1 -1 -1 -1 -1 -1 -1 -1 -1 -1 -1
-1 -1 -1 -1 -1 -1 -1 -1 -1 -1 -1
27
115110
9 61 2 2
9 73 -1 4
0 0 0 0 0 0 0 0 0 0 0
0 0 0 0 1 0 0 0 0 0 0
0 1 0 1 0 0 0 0 0 0 0
1 1 0 0 0 0 0 0 0 0 0
0 0 0 0 0 1 0 0 1 0 0
0 0 0 0 0 0 0 0 0 0 0
2 2 2 2 2 2 2 2 2 2 2
0 0 0 1 0 0 1 0 1 1 1
1 1 0 0 0 1 1 1 1 0 1
0 0 0 0 0 0 0 0 0 0 0
1 0 0 0 1 1 0 0 1 0 0
0 1 0 0 0 1 0 0 0 0 0
0 0 0 0 1 0 0 0 0 0 1
0 0 0 0 0 0 0 0 0 0 0
2 2 2 2 2 2 0 2 2 2 2
2 2 2 2 2 2 2 2 2 2 2
2 2 2 2 0 2 0 2 2 2 2
0 0 0 0 0 0 0 0 0 2 1
0 0 0 0 1 1 0 0 0 2 0
0 0 0 0 1 1 0 0 0 0 0
0 0 0 0 1 2 0 0 0 0 0
0 0 0 0 1 2 0 0 0 0 0
0 0 0 0 0 2 0 0 0 0 0
0 0 0 0 0 2 0 0 0 0 0
0 0 0 0 0 2 0 0 0 0 0
0 0 0 0 0 2 0 0 0 0 0
0 0 0 0 0 0 0 0 0 0 0
0 0 0 0 0 0 0 0 2 0 1
0 0 0 0 2 0 0 0 2 0 1
0 0 0 0 2 0 0 1 2 0 1
0 0 0 0 2 0 0 1 2 0 0
0 0 0 0 0 0 1 1 2 0 0
0 0 0 0 0 0 1 1 2 1 0
0 0 0 0 0 0 1 1 2 1 0
0 0 0 0 0 0 1 1 2 1 0
0 0 0 0 0 0 0 0 0 0 0
1 0 1 0 0 0 0 1 1 1 0
0 0 0 1 0 1 0 0 0 0 1
0 0 0 0 0 0 0 0 0 0 0
2 2 2 2 2 2 2 2 2 2 2
2 2 2 2 2 2 2 2 2 2 2
1 0 0 0 0 1 0 0 1 1 1
0 0 0 0 0 0 0 0 0 0 0
2 2 0 0 2 2 2 0 0 2 2
0 2 2 2 0 2 0 2 2 2 0
2 2 0 2 2 2 2 2 0 2 2
2 2 2 2 2 2 2 2 2 2 2
0 0 1 1 1 1 1 1 1 0 0
0 0 0 0 0 0 0 0 0 0 0
0 0 1 1 1 1 1 1 1 1 1
0 0 0 0 0 0 0 0 0 0 0
1 1 1 0 0 0 0 0 0 0 2
1 1 0 0 0 0 0 0 0 0 2
1 2 0 0 0 0 0 0 0 0 0
0 2 0 0 0 0 0 1 1 1 1
0 0 1 0 0 0 2 1 1 1 1
2 0 1 0 0 0 2 0 0 1 0
2 1 1 1 0 0 2 0 0 0 0
0 0 1 0 1 1 2 0 0 0 0
0 0 0 0 0 0 0 0 0 0 0
0 0 0 0 0 0 0 0 0 0 0
0 0 0 0 0 0 0 0 0 0 0
0 0 0 0 0 0 0 0 0 0 0
0 0 0 0 0 0 0 0 0 0 0
0 1 1 1 1 0 1 1 1 1 0
0 1 1 1 1 0 1 1 1 1 0
0 0 0 0 0 0 0 0 0 0 0
0 0 0 0 0 0 0 0 0 0 0
0 0 0 0 0 0 0 0 0 0 0
0 1 1 1 1 1 1 1 1 1 0
0 0 0 0 0 0 0 0 0 0 0
2 2 2 2 2 2 2 2 2 2 2
2 2 2 2 2 2 2 2 2 2 2
0 0 0 0 1 0 0 0 0 0 0
0 0 0 0 1 0 0 0 0 0 0
0 0 0 0 1 0 0 0 0 1 1
0 0 0 2 1 0 0 0 0 1 1
0 0 0 2 1 0 0 0 0 0 0
0 0 0 2 1 0 0 0 0 0 0
0 0 0 2 0 0 0 0 0 0 1
0 0 0 2 0 0 0 0 0 0 1
0 0 0 0 0 0 0 0 0 0 0
0 0 0 0 2 0 2 0 0 0 0
0 0 0 0 2 0 2 0 0 0 0
-1 -1 -1 -1 -1 -1 -1 -1 -1 -1 -1
-1 -1 -1 -1 -1 -1 -1 -1 -1 -1 -1
-1 -1 -1 -1 -1 -1 -1 -1 -1 -1 -1
-1 -1 -1 -1 -1 -1 -1 -1 -1 -1 -1
-1 -1 -1 -1 -1 -1 -1 -1 -1 -1 -1
-1 -1 -1 -1 -1 -1 -1 -1 -1 -1 -1
-1 -1 -1 -1 -1 -1 -1 -1 -1 -1 -1
-1 -1 -1 -1 -1 -1 -1 -1 -1 -1 -1
-1 -1 -1 -1 -1 -1 -1 -1 -1 -1 -1
28
115040
10 64 1 3
7 78 -2 5
0 0 0 0 0 0 0 0 0 0 0
0 0 0 0 1 0 0 0 0 0 0
0 1 0 1 0 0 0 0 0 0 0
1 1 0 0 0 0 0 0 0 0 0
0 0 0 0 0 1 0 0 1 0 0
0 0 0 0 0 0 0 0 0 0 0
2 2 2 2 2 2 2 2 2 2 2
0 0 0 1 0 0 1 0 1 1 1
1 1 0 0 0 1 1 1 1 0 1
0 0 0 0 0 0 0 0 0 0 0
1 0 0 0 1 1 0 0 1 0 0
0 1 0 0 0 1 0 0 0 0 0
0 0 0 0 1 0 0 0 0 0 1
0 0 0 0 0 0 0 0 0 0 0
2 2 2 2 2 2 0 2 2 2 2
2 2 2 2 2 2 2 2 2 2 2
2 2 2 2 0 2 0 2 2 2 2
0 0 0 0 0 0 0 0 0 2 1
0 0 0 0 1 1 0 0 0 2 0
0 0 0 0 1 1 0 0 0 0 0
0 0 0 0 1 2 0 0 0 0 0
0 0 0 0 1 2 0 0 0 0 0
0 0 0 0 0 2 0 0 0 0 0
0 0 0 0 0 2 0 0 0 0 0
0 0 0 0 0 2 0 0 0 0 0
0 0 0 0 0 2 0 0 0 0 0
0 0 0 0 0 0 0 0 0 0 0
0 0 0 0 0 0 0 0 2 0 1
0 0 0 0 2 0 0 0 2 0 1
0 0 0 0 2 0 0 1 2 0 1
0 0 0 0 2 0 0 1 2 0 0
0 0 0 0 0 0 1 1 2 0 0
0 0 0 0 0 0 1 1 2 1 0
0 0 0 0 0 0 1 1 2 1 0
0 0 0 0 0 0 1 1 2 1 0
0 0 0 0 0 0 0 0 0 0 0
1 0 1 0 0 0 0 1 1 1 0
0 0 0 1 0 1 0 0 0 0 1
0 0 0 0 0 0 0 0 0 0 0
2 2 2 2 2 2 2 2 2 2 2
2 2 2 2 2 2 2 2 2 2 2
1 0 0 0 0 1 0 0 1 1 1
0 0 0 0 0 0 0 0 0 0 0
2 2 0 0 2 2 2 0 0 2 2
0 2 2 2 0 2 0 2 2 2 0
2 2 0 2 2 2 2 2 0 2 2
2 2 2 2 2 2 2 2 2 2 2
0 0 1 1 1 1 1 1 1 0 0
0 0 0 0 0 0 0 0 0 0 0
0 0 1 1 1 1 1 1 1 1 1
0 0 0 0 0 0 0 0 0 0 0
1 1 1 0 0 0 0 0 0 0 2
1 1 0 0 0 0 0 0 0 0 2
1 2 0 0 0 0 0 0 0 0 0
0 2 0 0 0 0 0 1 1 1 1
0 0 1 0 0 0 2 1 1 1 1
2 0 1 0 0 0 2 0 0 1 0
2 1 1 1 0 0 2 0 0 0 0
0 0 1 0 1 1 2 0 0 0 0
0 0 0 0 0 0 0 0 0 0 0
0 0 0 0 0 0 0 0 0 0 0
0 0 0 0 0 0 0 0 0 0 0
0 0 0 0 0 0 0 0 0 0 0
0 0 0 0 0 0 0 0 0 0 0
0 1 1 1 1 0 1 1 1 1 0
0 1 1 1 1 0 1 1 1 1 0
0 0 0 0 0 0 0 0 0 0 0
0 0 0 0 0 0 0 0 0 0 0
0 0 0 0 0 0 0 0 0 0 0
0 1 1 1 1 1 1 1 1 1 0
0 0 0 0 0 0 0 0 0 0 0
2 2 2 2 2 2 2 2 2 2 2
2 2 2 2 2 2 2 2 2 2 2
0 0 0 0 1 0 0 0 0 0 0
0 0 0 0 1 0 0 0 0 0 0
0 0 0 0 1 0 0 0 0 1 1
0 0 0 2 1 0 0 0 0 1 1
0 0 0 2 1 0 0 0 0 0 0
0 0 0 2 1 0 0 0 0 0 0
0 0 0 2 0 0 0 0 0 0 1
0 0 0 2 0 0 0 0 0 0 1
0 0 0 0 0 0 0 0 0 0 0
0 0 0 0 2 0 2 0 0 0 0
0 0 0 0 2 0 2 0 0 0 0
0 0 0 0 2 0 2 0 0 0 0
0 0 0 0 1 0 1 0 0 0 0
0 0 0 0 1 0 1 0 0 0 0
0 0 0 0 0 0 0 0 0 0 0
1 1 1 1 0 0 1 1 1 1 1
-1 -1 -1 -1 -1 -1 -1 -1 -1 -1 -1
-1 -1 -1 -1 -1 -1 -1 -1 -1 -1 -1
-1 -1 -1 -1 -1 -1 -1 -1 -1 -1 -1
-1 -1 -1 -1 -1 -1 -1 -1 -1 -1 -1
29
114952
10 68 0 4
5 84 -2 6
0 0 0 0 0 0 0 0 0 0 0
0 0 0 0 1 0 0 0 0 0 0
0 1 0 1 0 0 0 0 0 0 0
1 1 0 0 0 0 0 0 0 0 0
0 0 0 0 0 1 0 0 1 0 0
0 0 0 0 0 0 0 0 0 0 0
2 2 2 2 2 2 2 2 2 2 2
0 0 0 1 0 0 1 0 1 1 1
1 1 0 0 0 1 1 1 1 0 1
0 0 0 0 0 0 0 0 0 0 0
1 0 0 0 1 1 0 0 1 0 0
0 1 0 0 0 1 0 0 0 0 0
0 0 0 0 1 0 0 0 0 0 1
0 0 0 0 0 0 0 0 0 0 0
2 2 2 2 2 2 0 2 2 2 2
2 2 2 2 2 2 2 2 2 2 2
2 2 2 2 0 2 0 2 2 2 2
0 0 0 0 0 0 0 0 0 2 1
0 0 0 0 1 1 0 0 0 2 0
0 0 0 0 1 1 0 0 0 0 0
0 0 0 0 1 2 0 0 0 0 0
0 0 0 0 1 2 0 0 0 0 0
0 0 0 0 0 2 0 0 0 0 0
0 0 0 0 0 2 0 0 0 0 0
0 0 0 0 0 2 0 0 0 0 0
0 0 0 0 0 2 0 0 0 0 0
0 0 0 0 0 0 0 0 0 0 0
0 0 0 0 0 0 0 0 2 0 1
0 0 0 0 2 0 0 0 2 0 1
0 0 0 0 2 0 0 1 2 0 1
0 0 0 0 2 0 0 1 2 0 0
0 0 0 0 0 0 1 1 2 0 0
0 0 0 0 0 0 1 1 2 1 0
0 0 0 0 0 0 1 1 2 1 0
0 0 0 0 0 0 1 1 2 1 0
0 0 0 0 0 0 0 0 0 0 0
1 0 1 0 0 0 0 1 1 1 0
0 0 0 1 0 1 0 0 0 0 1
0 0 0 0 0 0 0 0 0 0 0
2 2 2 2 2 2 2 2 2 2 2
2 2 2 2 2 2 2 2 2 2 2
1 0 0 0 0 1 0 0 1 1 1
0 0 0 0 0 0 0 0 0 0 0
2 2 0 0 2 2 2 0 0 2 2
0 2 2 2 0 2 0 2 2 2 0
2 2 0 2 2 2 2 2 0 2 2
2 2 2 2 2 2 2 2 2 2 2
0 0 1 1 1 1 1 1 1 0 0
0 0 0 0 0 0 0 0 0 0 0
0 0 1 1 1 1 1 1 1 1 1
0 0 0 0 0 0 0 0 0 0 0
1 1 1 0 0 0 0 0 0 0 2
1 1 0 0 0 0 0 0 0 0 2
1 2 0 0 0 0 0 0 0 0 0
0 2 0 0 0 0 0 1 1 1 1
0 0 1 0 0 0 2 1 1 1 1
2 0 1 0 0 0 2 0 0 1 0
2 1 1 1 0 0 2 0 0 0 0
0 0 1 0 1 1 2 0 0 0 0
0 0 0 0 0 0 0 0 0 0 0
0 0 0 0 0 0 0 0 0 0 0
0 0 0 0 0 0 0 0 0 0 0
0 0 0 0 0 0 0 0 0 0 0
0 0 0 0 0 0 0 0 0 0 0
0 1 1 1 1 0 1 1 1 1 0
0 1 1 1 1 0 1 1 1 1 0
0 0 0 0 0 0 0 0 0 0 0
0 0 0 0 0 0 0 0 0 0 0
0 0 0 0 0 0 0 0 0 0 0
0 1 1 1 1 1 1 1 1 1 0
0 0 0 0 0 0 0 0 0 0 0
2 2 2 2 2 2 2 2 2 2 2
2 2 2 2 2 2 2 2 2 2 2
0 0 0 0 1 0 0 0 0 0 0
0 0 0 0 1 0 0 0 0 0 0
0 0 0 0 1 0 0 0 0 1 1
0 0 0 2 1 0 0 0 0 1 1
0 0 0 2 1 0 0 0 0 0 0
0 0 0 2 1 0 0 0 0 0 0
0 0 0 2 0 0 0 0 0 0 1
0 0 0 2 0 0 0 0 0 0 1
0 0 0 0 0 0 0 0 0 0 0
0 0 0 0 2 0 2 0 0 0 0
0 0 0 0 2 0 2 0 0 0 0
0 0 0 0 2 0 2 0 0 0 0
0 0 0 0 1 0 1 0 0 0 0
0 0 0 0 1 0 1 0 0 0 0
0 0 0 0 0 0 0 0 0 0 0
1 1 1 1 0 0 1 1 1 1 1
0 0 0 0 0 0 0 0 0 0 0
0 0 0 0 0 0 0 0 0 0 0
0 0 0 0 0 0 0 0 0 0 0
0 0 0 0 0 0 0 0 0 0 0
30
114818
9 73 -1 5
4 91 -1 7
0 0 0 0 0 0 0 0 0 0 0
0 0 0 0 1 0 0 0 0 0 0
0 1 0 1 0 0 0 0 0 0 0
1 1 0 0 0 0 0 0 0 0 0
0 0 0 0 0 1 0 0 1 0 0
0 0 0 0 0 0 0 0 0 0 0
2 2 2 2 2 2 2 2 2 2 2
0 0 0 1 0 0 1 0 1 1 1
1 1 0 0 0 1 1 1 1 0 1
0 0 0 0 0 0 0 0 0 0 0
1 0 0 0 1 1 0 0 1 0 0
0 1 0 0 0 1 0 0 0 0 0
0 0 0 0 1 0 0 0 0 0 1
0 0 0 0 0 0 0 0 0 0 0
2 2 2 2 2 2 0 2 2 2 2
2 2 2 2 2 2 2 2 2 2 2
2 2 2 2 0 2 0 2 2 2 2
0 0 0 0 0 0 0 0 0 2 1
0 0 0 0 1 1 0 0 0 2 0
0 0 0 0 1 1 0 0 0 0 0
0 0 0 0 1 2 0 0 0 0 0
0 0 0 0 1 2 0 0 0 0 0
0 0 0 0 0 2 0 0 0 0 0
0 0 0 0 0 2 0 0 0 0 0
0 0 0 0 0 2 0 0 0 0 0
0 0 0 0 0 2 0 0 0 0 0
0 0 0 0 0 0 0 0 0 0 0
0 0 0 0 0 0 0 0 2 0 1
0 0 0 0 2 0 0 0 2 0 1
0 0 0 0 2 0 0 1 2 0 1
0 0 0 0 2 0 0 1 2 0 0
0 0 0 0 0 0 1 1 2 0 0
0 0 0 0 0 0 1 1 2 1 0
0 0 0 0 0 0 1 1 2 1 0
0 0 0 0 0 0 1 1 2 1 0
0 0 0 0 0 0 0 0 0 0 0
1 0 1 0 0 0 0 1 1 1 0
0 0 0 1 0 1 0 0 0 0 1
0 0 0 0 0 0 0 0 0 0 0
2 2 2 2 2 2 2 2 2 2 2
2 2 2 2 2 2 2 2 2 2 2
1 0 0 0 0 1 0 0 1 1 1
0 0 0 0 0 0 0 0 0 0 0
2 2 0 0 2 2 2 0 0 2 2
0 2 2 2 0 2 0 2 2 2 0
2 2 0 2 2 2 2 2 0 2 2
2 2 2 2 2 2 2 2 2 2 2
0 0 1 1 1 1 1 1 1 0 0
0 0 0 0 0 0 0 0 0 0 0
0 0 1 1 1 1 1 1 1 1 1
0 0 0 0 0 0 0 0 0 0 0
1 1 1 0 0 0 0 0 0 0 2
1 1 0 0 0 0 0 0 0 0 2
1 2 0 0 0 0 0 0 0 0 0
0 2 0 0 0 0 0 1 1 1 1
0 0 1 0 0 0 2 1 1 1 1
2 0 1 0 0 0 2 0 0 1 0
2 1 1 1 0 0 2 0 0 0 0
0 0 1 0 1 1 2 0 0 0 0
0 0 0 0 0 0 0 0 0 0 0
0 0 0 0 0 0 0 0 0 0 0
0 0 0 0 0 0 0 0 0 0 0
0 0 0 0 0 0 0 0 0 0 0
0 0 0 0 0 0 0 0 0 0 0
0 1 1 1 1 0 1 1 1 1 0
0 1 1 1 1 0 1 1 1 1 0
0 0 0 0 0 0 0 0 0 0 0
0 0 0 0 0 0 0 0 0 0 0
0 0 0 0 0 0 0 0 0 0 0
0 1 1 1 1 1 1 1 1 1 0
0 0 0 0 0 0 0 0 0 0 0
2 2 2 2 2 2 2 2 2 2 2
2 2 2 2 2 2 2 2 2 2 2
0 0 0 0 1 0 0 0 0 0 0
0 0 0 0 1 0 0 0 0 0 0
0 0 0 0 1 0 0 0 0 1 1
0 0 0 2 1 0 0 0 0 1 1
0 0 0 2 1 0 0 0 0 0 0
0 0 0 2 1 0 0 0 0 0 0
0 0 0 2 0 0 0 0 0 0 1
0 0 0 2 0 0 0 0 0 0 1
0 0 0 0 0 0 0 0 0 0 0
0 0 0 0 2 0 2 0 0 0 0
0 0 0 0 2 0 2 0 0 0 0
0 0 0 0 2 0 2 0 0 0 0
0 0 0 0 1 0 1 0 0 0 0
0 0 0 0 1 0 1 0 0 0 0
0 0 0 0 0 0 0 0 0 0 0
1 1 1 1 0 0 1 1 1 1 1
0 0 0 0 0 0 0 0 0 0 0
0 0 0 0 0 0 0 0 0 0 0
0 0 0 0 0 0 0 0 0 0 0
0 0 0 0 0 0 0 0 0 0 0
31
114692
7 78 -2 5
0 93 0 0
0 0 0 0 0 0 0 0 0 0 0
0 0 0 0 1 0 0 0 0 0 0
0 1 0 1 0 0 0 0 0 0 0
1 1 0 0 0 0 0 0 0 0 0
0 0 0 0 0 1 0 0 1 0 0
0 0 0 0 0 0 0 0 0 0 0
2 2 2 2 2 2 2 2 2 2 2
0 0 0 1 0 0 1 0 1 1 1
1 1 0 0 0 1 1 1 1 0 1
0 0 0 0 0 0 0 0 0 0 0
1 0 0 0 1 1 0 0 1 0 0
0 1 0 0 0 1 0 0 0 0 0
0 0 0 0 1 0 0 0 0 0 1
0 0 0 0 0 0 0 0 0 0 0
2 2 2 2 2 2 0 2 2 2 2
2 2 2 2 2 2 2 2 2 2 2
2 2 2 2 0 2 0 2 2 2 2
0 0 0 0 0 0 0 0 0 2 1
0 0 0 0 1 1 0 0 0 2 0
0 0 0 0 1 1 0 0 0 0 0
0 0 0 0 1 2 0 0 0 0 0
0 0 0 0 1 2 0 0 0 0 0
0 0 0 0 0 2 0 0 0 0 0
0 0 0 0 0 2 0 0 0 0 0
0 0 0 0 0 2 0 0 0 0 0
0 0 0 0 0 2 0 0 0 0 0
0 0 0 0 0 0 0 0 0 0 0
0 0 0 0 0 0 0 0 2 0 1
0 0 0 0 2 0 0 0 2 0 1
0 0 0 0 2 0 0 1 2 0 1
0 0 0 0 2 0 0 1 2 0 0
0 0 0 0 0 0 1 1 2 0 0
0 0 0 0 0 0 1 1 2 1 0
0 0 0 0 0 0 1 1 2 1 0
0 0 0 0 0 0 1 1 2 1 0
0 0 0 0 0 0 0 0 0 0 0
1 0 1 0 0 0 0 1 1 1 0
0 0 0 1 0 1 0 0 0 0 1
0 0 0 0 0 0 0 0 0 0 0
2 2 2 2 2 2 2 2 2 2 2
2 2 2 2 2 2 2 2 2 2 2
1 0 0 0 0 1 0 0 1 1 1
0 0 0 0 0 0 0 0 0 0 0
2 2 0 0 2 2 2 0 0 2 2
0 2 2 2 0 2 0 2 2 2 0
2 2 0 2 2 2 2 2 0 2 2
2 2 2 2 2 2 2 2 2 2 2
0 0 1 1 1 1 1 1 1 0 0
0 0 0 0 0 0 0 0 0 0 0
0 0 1 1 1 1 1 1 1 1 1
0 0 0 0 0 0 0 0 0 0 0
1 1 1 0 0 0 0 0 0 0 2
1 1 0 0 0 0 0 0 0 0 2
1 2 0 0 0 0 0 0 0 0 0
0 2 0 0 0 0 0 1 1 1 1
0 0 1 0 0 0 2 1 1 1 1
2 0 1 0 0 0 2 0 0 1 0
2 1 1 1 0 0 2 0 0 0 0
0 0 1 0 1 1 2 0 0 0 0
0 0 0 0 0 0 0 0 0 0 0
0 0 0 0 0 0 0 0 0 0 0
0 0 0 0 0 0 0 0 0 0 0
0 0 0 0 0 0 0 0 0 0 0
0 0 0 0 0 0 0 0 0 0 0
0 1 1 1 1 0 1 1 1 1 0
0 1 1 1 1 0 1 1 1 1 0
0 0 0 0 0 0 0 0 0 0 0
0 0 0 0 0 0 0 0 0 0 0
0 0 0 0 0 0 0 0 0 0 0
0 1 1 1 1 1 1 1 1 1 0
0 0 0 0 0 0 0 0 0 0 0
2 2 2 2 2 2 2 2 2 2 2
2 2 2 2 2 2 2 2 2 2 2
0 0 0 0 1 0 0 0 0 0 0
0 0 0 0 1 0 0 0 0 0 0
0 0 0 0 1 0 0 0 0 1 1
0 0 0 2 1 0 0 0 0 1 1
0 0 0 2 1 0 0 0 0 0 0
0 0 0 2 1 0 0 0 0 0 0
0 0 0 2 0 0 0 0 0 0 1
0 0 0 2 0 0 0 0 0 0 1
0 0 0 0 0 0 0 0 0 0 0
0 0 0 0 2 0 2 0 0 0 0
0 0 0 0 2 0 2 0 0 0 0
0 0 0 0 2 0 2 0 0 0 0
0 0 0 0 1 0 1 0 0 0 0
0 0 0 0 1 0 1 0 0 0 0
0 0 0 0 0 0 0 0 0 0 0
1 1 1 1 0 0 1 1 1 1 1
0 0 0 0 0 0 0 0 0 0 0
0 0 0 0 0 0 0 0 0 0 0
0 0 0 0 0 0 0 0 0 0 0
0 0 0 0 0 0 0 0 0 0 0
32
114502
5 84 -2 6
0 93 0 0
0 0 0 0 0 0 0 0 0 0 0
0 0 0 0 1 0 0 0 0 0 0
0 1 0 1 0 0 0 0 0 0 0
1 1 0 0 0 0 0 0 0 0 0
0 0 0 0 0 1 0 0 1 0 0
0 0 0 0 0 0 0 0 0 0 0
2 2 2 2 2 2 2 2 2 2 2
0 0 0 1 0 0 1 0 1 1 1
1 1 0 0 0 1 1 1 1 0 1
0 0 0 0 0 0 0 0 0 0 0
1 0 0 0 1 1 0 0 1 0 0
0 1 0 0 0 1 0 0 0 0 0
0 0 0 0 1 0 0 0 0 0 1
0 0 0 0 0 0 0 0 0 0 0
2 2 2 2 2 2 0 2 2 2 2
2 2 2 2 2 2 2 2 2 2 2
2 2 2 2 0 2 0 2 2 2 2
0 0 0 0 0 0 0 0 0 2 1
0 0 0 0 1 1 0 0 0 2 0
0 0 0 0 1 1 0 0 0 0 0
0 0 0 0 1 2 0 0 0 0 0
0 0 0 0 1 2 0 0 0 0 0
0 0 0 0 0 2 0 0 0 0 0
0 0 0 0 0 2 0 0 0 0 0
0 0 0 0 0 2 0 0 0 0 0
0 0 0 0 0 2 0 0 0 0 0
0 0 0 0 0 0 0 0 0 0 0
0 0 0 0 0 0 0 0 2 0 1
0 0 0 0 2 0 0 0 2 0 1
0 0 0 0 2 0 0 1 2 0 1
0 0 0 0 2 0 0 1 2 0 0
0 0 0 0 0 0 1 1 2 0 0
0 0 0 0 0 0 1 1 2 1 0
0 0 0 0 0 0 1 1 2 1 0
0 0 0 0 0 0 1 1 2 1 0
0 0 0 0 0 0 0 0 0 0 0
1 0 1 0 0 0 0 1 1 1 0
0 0 0 1 0 1 0 0 0 0 1
0 0 0 0 0 0 0 0 0 0 0
2 2 2 2 2 2 2 2 2 2 2
2 2 2 2 2 2 2 2 2 2 2
1 0 0 0 0 1 0 0 1 1 1
0 0 0 0 0 0 0 0 0 0 0
2 2 0 0 2 2 2 0 0 2 2
0 2 2 2 0 2 0 2 2 2 0
2 2 0 2 2 2 2 2 0 2 2
2 2 2 2 2 2 2 2 2 2 2
0 0 1 1 1 1 1 1 1 0 0
0 0 0 0 0 0 0 0 0 0 0
0 0 1 1 1 1 1 1 1 1 1
0 0 0 0 0 0 0 0 0 0 0
1 1 1 0 0 0 0 0 0 0 2
1 1 0 0 0 0 0 0 0 0 2
1 2 0 0 0 0 0 0 0 0 0
0 2 0 0 0 0 0 1 1 1 1
0 0 1 0 0 0 2 1 1 1 1
2 0 1 0 0 0 2 0 0 1 0
2 1 1 1 0 0 2 0 0 0 0
0 0 1 0 1 1 2 0 0 0 0
0 0 0 0 0 0 0 0 0 0 0
0 0 0 0 0 0 0 0 0 0 0
0 0 0 0 0 0 0 0 0 0 0
0 0 0 0 0 0 0 0 0 0 0
0 0 0 0 0 0 0 0 0 0 0
0 1 1 1 1 0 1 1 1 1 0
0 1 1 1 1 0 1 1 1 1 0
0 0 0 0 0 0 0 0 0 0 0
0 0 0 0 0 0 0 0 0 0 0
0 0 0 0 0 0 0 0 0 0 0
0 1 1 1 1 1 1 1 1 1 0
0 0 0 0 0 0 0 0 0 0 0
2 2 2 2 2 2 2 2 2 2 2
2 2 2 2 2 2 2 2 2 2 2
0 0 0 0 1 0 0 0 0 0 0
0 0 0 0 1 0 0 0 0 0 0
0 0 0 0 1 0 0 0 0 1 1
0 0 0 2 1 0 0 0 0 1 1
0 0 0 2 1 0 0 0 0 0 0
0 0 0 2 1 0 0 0 0 0 0
0 0 0 2 0 0 0 0 0 0 1
0 0 0 2 0 0 0 0 0 0 1
0 0 0 0 0 0 0 0 0 0 0
0 0 0 0 2 0 2 0 0 0 0
0 0 0 0 2 0 2 0 0 0 0
0 0 0 0 2 0 2 0 0 0 0
0 0 0 0 1 0 1 0 0 0 0
0 0 0 0 1 0 1 0 0 0 0
0 0 0 0 0 0 0 0 0 0 0
1 1 1 1 0 0 1 1 1 1 1
0 0 0 0 0 0 0 0 0 0 0
0 0 0 0 0 0 0 0 0 0 0
0 0 0 0 0 0 0 0 0 0 0
0 0 0 0 0 0 0 0 0 0 0
33
114502
4 91 -1 7
0 93 0 0
0 0 0 0 0 0 0 0 0 0 0
0 0 0 0 1 0 0 0 0 0 0
0 1 0 1 0 0 0 0 0 0 0
1 1 0 0 0 0 0 0 0 0 0
0 0 0 0 0 1 0 0 1 0 0
0 0 0 0 0 0 0 0 0 0 0
2 2 2 2 2 2 2 2 2 2 2
0 0 0 1 0 0 1 0 1 1 1
1 1 0 0 0 1 1 1 1 0 1
0 0 0 0 0 0 0 0 0 0 0
1 0 0 0 1 1 0 0 1 0 0
0 1 0 0 0 1 0 0 0 0 0
0 0 0 0 1 0 0 0 0 0 1
0 0 0 0 0 0 0 0 0 0 0
2 2 2 2 2 2 0 2 2 2 2
2 2 2 2 2 2 2 2 2 2 2
2 2 2 2 0 2 0 2 2 2 2
0 0 0 0 0 0 0 0 0 2 1
0 0 0 0 1 1 0 0 0 2 0
0 0 0 0 1 1 0 0 0 0 0
0 0 0 0 1 2 0 0 0 0 0
0 0 0 0 1 2 0 0 0 0 0
0 0 0 0 0 2 0 0 0 0 0
0 0 0 0 0 2 0 0 0 0 0
0 0 0 0 0 2 0 0 0 0 0
0 0 0 0 0 2 0 0 0 0 0
0 0 0 0 0 0 0 0 0 0 0
0 0 0 0 0 0 0 0 2 0 1
0 0 0 0 2 0 0 0 2 0 1
0 0 0 0 2 0 0 1 2 0 1
0 0 0 0 2 0 0 1 2 0 0
0 0 0 0 0 0 1 1 2 0 0
0 0 0 0 0 0 1 1 2 1 0
0 0 0 0 0 0 1 1 2 1 0
0 0 0 0 0 0 1 1 2 1 0
0 0 0 0 0 0 0 0 0 0 0
1 0 1 0 0 0 0 1 1 1 0
0 0 0 1 0 1 0 0 0 0 1
0 0 0 0 0 0 0 0 0 0 0
2 2 2 2 2 2 2 2 2 2 2
2 2 2 2 2 2 2 2 2 2 2
1 0 0 0 0 1 0 0 1 1 1
0 0 0 0 0 0 0 0 0 0 0
2 2 0 0 2 2 2 0 0 2 2
0 2 2 2 0 2 0 2 2 2 0
2 2 0 2 2 2 2 2 0 2 2
2 2 2 2 2 2 2 2 2 2 2
0 0 1 1 1 1 1 1 1 0 0
0 0 0 0 0 0 0 0 0 0 0
0 0 1 1 1 1 1 1 1 1 1
0 0 0 0 0 0 0 0 0 0 0
1 1 1 0 0 0 0 0 0 0 2
1 1 0 0 0 0 0 0 0 0 2
1 2 0 0 0 0 0 0 0 0 0
0 2 0 0 0 0 0 1 1 1 1
0 0 1 0 0 0 2 1 1 1 1
2 0 1 0 0 0 2 0 0 1 0
2 1 1 1 0 0 2 0 0 0 0
0 0 1 0 1 1 2 0 0 0 0
0 0 0 0 0 0 0 0 0 0 0
0 0 0 0 0 0 0 0 0 0 0
0 0 0 0 0 0 0 0 0 0 0
0 0 0 0 0 0 0 0 0 0 0
0 0 0 0 0 0 0 0 0 0 0
0 1 1 1 1 0 1 1 1 1 0
0 1 1 1 1 0 1 1 1 1 0
0 0 0 0 0 0 0 0 0 0 0
0 0 0 0 0 0 0 0 0 0 0
0 0 0 0 0 0 0 0 0 0 0
0 1 1 1 1 1 1 1 1 1 0
0 0 0 0 0 0 0 0 0 0 0
2 2 2 2 2 2 2 2 2 2 2
2 2 2 2 2 2 2 2 2 2 2
0 0 0 0 1 0 0 0 0 0 0
0 0 0 0 1 0 0 0 0 0 0
0 0 0 0 1 0 0 0 0 1 1
0 0 0 2 1 0 0 0 0 1 1
0 0 0 2 1 0 0 0 0 0 0
0 0 0 2 1 0 0 0 0 0 0
0 0 0 2 0 0 0 0 0 0 1
0 0 0 2 0 0 0 0 0 0 1
0 0 0 0 0 0 0 0 0 0 0
0 0 0 0 2 0 2 0 0 0 0
0 0 0 0 2 0 2 0 0 0 0
0 0 0 0 2 0 2 0 0 0 0
0 0 0 0 1 0 1 0 0 0 0
0 0 0 0 1 0 1 0 0 0 0
0 0 0 0 0 0 0 0 0 0 0
1 1 1 1 0 0 1 1 1 1 1
0 0 0 0 0 0 0 0 0 0 0
0 0 0 0 0 0 0 0 0 0 0
0 0 0 0 0 0 0 0 0 0 0
0 0 0 0 0 0 0 0 0 0 0
