120000
93
11 93
11
0
120000
3 0 0 0
7 0 0 0
0 0 0 0 0 0 0 0 0 0 0
0 0 0 0 1 0 0 0 0 0 0
0 1 0 1 0 0 0 0 0 0 0
1 1 0 0 0 0 0 0 0 0 0
0 0 0 0 0 1 0 0 1 0 0
0 0 0 0 0 0 0 0 0 0 0
2 2 2 2 2 2 2 2 2 2 2
0 0 0 1 0 0 1 0 1 1 1
1 1 0 0 0 1 1 1 1 0 1
0 0 0 0 0 0 0 0 0 0 0
1 0 0 0 1 1 0 0 1 0 0
-1 -1 -1 -1 -1 -1 -1 -1 -1 -1 -1
-1 -1 -1 -1 -1 -1 -1 -1 -1 -1 -1
-1 -1 -1 -1 -1 -1 -1 -1 -1 -1 -1
-1 -1 -1 -1 -1 -1 -1 -1 -1 -1 -1
-1 -1 -1 -1 -1 -1 -1 -1 -1 -1 -1
-1 -1 -1 -1 -1 -1 -1 -1 -1 -1 -1
-1 -1 -1 -1 -1 -1 -1 -1 -1 -1 -1
-1 -1 -1 -1 -1 -1 -1 -1 -1 -1 -1
-1 -1 -1 -1 -1 -1 -1 -1 -1 -1 -1
-1 -1 -1 -1 -1 -1 -1 -1 -1 -1 -1
-1 -1 -1 -1 -1 -1 -1 -1 -1 -1 -1
-1 -1 -1 -1 -1 -1 -1 -1 -1 -1 -1
-1 -1 -1 -1 -1 -1 -1 -1 -1 -1 -1
-1 -1 -1 -1 -1 -1 -1 -1 -1 -1 -1
-1 -1 -1 -1 -1 -1 -1 -1 -1 -1 -1
-1 -1 -1 -1 -1 -1 -1 -1 -1 -1 -1
-1 -1 -1 -1 -1 -1 -1 -1 -1 -1 -1
-1 -1 -1 -1 -1 -1 -1 -1 -1 -1 -1
-1 -1 -1 -1 -1 -1 -1 -1 -1 -1 -1
-1 -1 -1 -1 -1 -1 -1 -1 -1 -1 -1
-1 -1 -1 -1 -1 -1 -1 -1 -1 -1 -1
-1 -1 -1 -1 -1 -1 -1 -1 -1 -1 -1
-1 -1 -1 -1 -1 -1 -1 -1 -1 -1 -1
-1 -1 -1 -1 -1 -1 -1 -1 -1 -1 -1
-1 -1 -1 -1 -1 -1 -1 -1 -1 -1 -1
-1 -1 -1 -1 -1 -1 -1 -1 -1 -1 -1
-1 -1 -1 -1 -1 -1 -1 -1 -1 -1 -1
-1 -1 -1 -1 -1 -1 -1 -1 -1 -1 -1
-1 -1 -1 -1 -1 -1 -1 -1 -1 -1 -1
-1 -1 -1 -1 -1 -1 -1 -1 -1 -1 -1
-1 -1 -1 -1 -1 -1 -1 -1 -1 -1 -1
-1 -1 -1 -1 -1 -1 -1 -1 -1 -1 -1
-1 -1 -1 -1 -1 -1 -1 -1 -1 -1 -1
-1 -1 -1 -1 -1 -1 -1 -1 -1 -1 -1
-1 -1 -1 -1 -1 -1 -1 -1 -1 -1 -1
-1 -1 -1 -1 -1 -1 -1 -1 -1 -1 -1
-1 -1 -1 -1 -1 -1 -1 -1 -1 -1 -1
-1 -1 -1 -1 -1 -1 -1 -1 -1 -1 -1
-1 -1 -1 -1 -1 -1 -1 -1 -1 -1 -1
-1 -1 -1 -1 -1 -1 -1 -1 -1 -1 -1
-1 -1 -1 -1 -1 -1 -1 -1 -1 -1 -1
-1 -1 -1 -1 -1 -1 -1 -1 -1 -1 -1
-1 -1 -1 -1 -1 -1 -1 -1 -1 -1 -1
-1 -1 -1 -1 -1 -1 -1 -1 -1 -1 -1
-1 -1 -1 -1 -1 -1 -1 -1 -1 -1 -1
-1 -1 -1 -1 -1 -1 -1 -1 -1 -1 -1
-1 -1 -1 -1 -1 -1 -1 -1 -1 -1 -1
-1 -1 -1 -1 -1 -1 -1 -1 -1 -1 -1
-1 -1 -1 -1 -1 -1 -1 -1 -1 -1 -1
-1 -1 -1 -1 -1 -1 -1 -1 -1 -1 -1
-1 -1 -1 -1 -1 -1 -1 -1 -1 -1 -1
-1 -1 -1 -1 -1 -1 -1 -1 -1 -1 -1
-1 -1 -1 -1 -1 -1 -1 -1 -1 -1 -1
-1 -1 -1 -1 -1 -1 -1 -1 -1 -1 -1
-1 -1 -1 -1 -1 -1 -1 -1 -1 -1 -1
-1 -1 -1 -1 -1 -1 -1 -1 -1 -1 -1
-1 -1 -1 -1 -1 -1 -1 -1 -1 -1 -1
-1 -1 -1 -1 -1 -1 -1 -1 -1 -1 -1
-1 -1 -1 -1 -1 -1 -1 -1 -1 -1 -1
-1 -1 -1 -1 -1 -1 -1 -1 -1 -1 -1
-1 -1 -1 -1 -1 -1 -1 -1 -1 -1 -1
-1 -1 -1 -1 -1 -1 -1 -1 -1 -1 -1
-1 -1 -1 -1 -1 -1 -1 -1 -1 -1 -1
-1 -1 -1 -1 -1 -1 -1 -1 -1 -1 -1
-1 -1 -1 -1 -1 -1 -1 -1 -1 -1 -1
-1 -1 -1 -1 -1 -1 -1 -1 -1 -1 -1
-1 -1 -1 -1 -1 -1 -1 -1 -1 -1 -1
-1 -1 -1 -1 -1 -1 -1 -1 -1 -1 -1
-1 -1 -1 -1 -1 -1 -1 -1 -1 -1 -1
-1 -1 -1 -1 -1 -1 -1 -1 -1 -1 -1
-1 -1 -1 -1 -1 -1 -1 -1 -1 -1 -1
-1 -1 -1 -1 -1 -1 -1 -1 -1 -1 -1
-1 -1 -1 -1 -1 -1 -1 -1 -1 -1 -1
-1 -1 -1 -1 -1 -1 -1 -1 -1 -1 -1
-1 -1 -1 -1 -1 -1 -1 -1 -1 -1 -1
-1 -1 -1 -1 -1 -1 -1 -1 -1 -1 -1
-1 -1 -1 -1 -1 -1 -1 -1 -1 -1 -1
-1 -1 -1 -1 -1 -1 -1 -1 -1 -1 -1
-1 -1 -1 -1 -1 -1 -1 -1 -1 -1 -1
-1 -1 -1 -1 -1 -1 -1 -1 -1 -1 -1
-1 -1 -1 -1 -1 -1 -1 -1 -1 -1 -1
-1 -1 -1 -1 -1 -1 -1 -1 -1 -1 -1
1
119794
2 1 -1 1
7 1 0 1
0 0 0 0 0 0 0 0 0 0 0
0 0 0 0 1 0 0 0 0 0 0
0 1 0 1 0 0 0 0 0 0 0
1 1 0 0 0 0 0 0 0 0 0
0 0 0 0 0 1 0 0 1 0 0
0 0 0 0 0 0 0 0 0 0 0
2 2 2 2 2 2 2 2 2 2 2
0 0 0 1 0 0 1 0 1 1 1
1 1 0 0 0 1 1 1 1 0 1
0 0 0 0 0 0 0 0 0 0 0
1 0 0 0 1 1 0 0 1 0 0
0 1 0 0 0 1 0 0 0 0 0
-1 -1 -1 -1 -1 -1 -1 -1 -1 -1 -1
-1 -1 -1 -1 -1 -1 -1 -1 -1 -1 -1
-1 -1 -1 -1 -1 -1 -1 -1 -1 -1 -1
-1 -1 -1 -1 -1 -1 -1 -1 -1 -1 -1
-1 -1 -1 -1 -1 -1 -1 -1 -1 -1 -1
-1 -1 -1 -1 -1 -1 -1 -1 -1 -1 -1
-1 -1 -1 -1 -1 -1 -1 -1 -1 -1 -1
-1 -1 -1 -1 -1 -1 -1 -1 -1 -1 -1
-1 -1 -1 -1 -1 -1 -1 -1 -1 -1 -1
-1 -1 -1 -1 -1 -1 -1 -1 -1 -1 -1
-1 -1 -1 -1 -1 -1 -1 -1 -1 -1 -1
-1 -1 -1 -1 -1 -1 -1 -1 -1 -1 -1
-1 -1 -1 -1 -1 -1 -1 -1 -1 -1 -1
-1 -1 -1 -1 -1 -1 -1 -1 -1 -1 -1
-1 -1 -1 -1 -1 -1 -1 -1 -1 -1 -1
-1 -1 -1 -1 -1 -1 -1 -1 -1 -1 -1
-1 -1 -1 -1 -1 -1 -1 -1 -1 -1 -1
-1 -1 -1 -1 -1 -1 -1 -1 -1 -1 -1
-1 -1 -1 -1 -1 -1 -1 -1 -1 -1 -1
-1 -1 -1 -1 -1 -1 -1 -1 -1 -1 -1
-1 -1 -1 -1 -1 -1 -1 -1 -1 -1 -1
-1 -1 -1 -1 -1 -1 -1 -1 -1 -1 -1
-1 -1 -1 -1 -1 -1 -1 -1 -1 -1 -1
-1 -1 -1 -1 -1 -1 -1 -1 -1 -1 -1
-1 -1 -1 -1 -1 -1 -1 -1 -1 -1 -1
-1 -1 -1 -1 -1 -1 -1 -1 -1 -1 -1
-1 -1 -1 -1 -1 -1 -1 -1 -1 -1 -1
-1 -1 -1 -1 -1 -1 -1 -1 -1 -1 -1
-1 -1 -1 -1 -1 -1 -1 -1 -1 -1 -1
-1 -1 -1 -1 -1 -1 -1 -1 -1 -1 -1
-1 -1 -1 -1 -1 -1 -1 -1 -1 -1 -1
-1 -1 -1 -1 -1 -1 -1 -1 -1 -1 -1
-1 -1 -1 -1 -1 -1 -1 -1 -1 -1 -1
-1 -1 -1 -1 -1 -1 -1 -1 -1 -1 -1
-1 -1 -1 -1 -1 -1 -1 -1 -1 -1 -1
-1 -1 -1 -1 -1 -1 -1 -1 -1 -1 -1
-1 -1 -1 -1 -1 -1 -1 -1 -1 -1 -1
-1 -1 -1 -1 -1 -1 -1 -1 -1 -1 -1
-1 -1 -1 -1 -1 -1 -1 -1 -1 -1 -1
-1 -1 -1 -1 -1 -1 -1 -1 -1 -1 -1
-1 -1 -1 -1 -1 -1 -1 -1 -1 -1 -1
-1 -1 -1 -1 -1 -1 -1 -1 -1 -1 -1
-1 -1 -1 -1 -1 -1 -1 -1 -1 -1 -1
-1 -1 -1 -1 -1 -1 -1 -1 -1 -1 -1
-1 -1 -1 -1 -1 -1 -1 -1 -1 -1 -1
-1 -1 -1 -1 -1 -1 -1 -1 -1 -1 -1
-1 -1 -1 -1 -1 -1 -1 -1 -1 -1 -1
-1 -1 -1 -1 -1 -1 -1 -1 -1 -1 -1
-1 -1 -1 -1 -1 -1 -1 -1 -1 -1 -1
-1 -1 -1 -1 -1 -1 -1 -1 -1 -1 -1
-1 -1 -1 -1 -1 -1 -1 -1 -1 -1 -1
-1 -1 -1 -1 -1 -1 -1 -1 -1 -1 -1
-1 -1 -1 -1 -1 -1 -1 -1 -1 -1 -1
-1 -1 -1 -1 -1 -1 -1 -1 -1 -1 -1
-1 -1 -1 -1 -1 -1 -1 -1 -1 -1 -1
-1 -1 -1 -1 -1 -1 -1 -1 -1 -1 -1
-1 -1 -1 -1 -1 -1 -1 -1 -1 -1 -1
-1 -1 -1 -1 -1 -1 -1 -1 -1 -1 -1
-1 -1 -1 -1 -1 -1 -1 -1 -1 -1 -1
-1 -1 -1 -1 -1 -1 -1 -1 -1 -1 -1
-1 -1 -1 -1 -1 -1 -1 -1 -1 -1 -1
-1 -1 -1 -1 -1 -1 -1 -1 -1 -1 -1
-1 -1 -1 -1 -1 -1 -1 -1 -1 -1 -1
-1 -1 -1 -1 -1 -1 -1 -1 -1 -1 -1
-1 -1 -1 -1 -1 -1 -1 -1 -1 -1 -1
-1 -1 -1 -1 -1 -1 -1 -1 -1 -1 -1
-1 -1 -1 -1 -1 -1 -1 -1 -1 -1 -1
-1 -1 -1 -1 -1 -1 -1 -1 -1 -1 -1
-1 -1 -1 -1 -1 -1 -1 -1 -1 -1 -1
-1 -1 -1 -1 -1 -1 -1 -1 -1 -1 -1
-1 -1 -1 -1 -1 -1 -1 -1 -1 -1 -1
-1 -1 -1 -1 -1 -1 -1 -1 -1 -1 -1
-1 -1 -1 -1 -1 -1 -1 -1 -1 -1 -1
-1 -1 -1 -1 -1 -1 -1 -1 -1 -1 -1
-1 -1 -1 -1 -1 -1 -1 -1 -1 -1 -1
-1 -1 -1 -1 -1 -1 -1 -1 -1 -1 -1
-1 -1 -1 -1 -1 -1 -1 -1 -1 -1 -1
-1 -1 -1 -1 -1 -1 -1 -1 -1 -1 -1
-1 -1 -1 -1 -1 -1 -1 -1 -1 -1 -1
-1 -1 -1 -1 -1 -1 -1 -1 -1 -1 -1
-1 -1 -1 -1 -1 -1 -1 -1 -1 -1 -1
2
119556
2 3 0 2
7 3 0 2
0 0 0 0 0 0 0 0 0 0 0
0 0 0 0 1 0 0 0 0 0 0
0 1 0 1 0 0 0 0 0 0 0
1 1 0 0 0 0 0 0 0 0 0
0 0 0 0 0 1 0 0 1 0 0
0 0 0 0 0 0 0 0 0 0 0
2 2 2 2 2 2 2 2 2 2 2
0 0 0 1 0 0 1 0 1 1 1
1 1 0 0 0 1 1 1 1 0 1
0 0 0 0 0 0 0 0 0 0 0
1 0 0 0 1 1 0 0 1 0 0
0 1 0 0 0 1 0 0 0 0 0
0 0 0 0 1 0 0 0 0 0 1
0 0 0 0 0 0 0 0 0 0 0
-1 -1 -1 -1 -1 -1 -1 -1 -1 -1 -1
-1 -1 -1 -1 -1 -1 -1 -1 -1 -1 -1
-1 -1 -1 -1 -1 -1 -1 -1 -1 -1 -1
-1 -1 -1 -1 -1 -1 -1 -1 -1 -1 -1
-1 -1 -1 -1 -1 -1 -1 -1 -1 -1 -1
-1 -1 -1 -1 -1 -1 -1 -1 -1 -1 -1
-1 -1 -1 -1 -1 -1 -1 -1 -1 -1 -1
-1 -1 -1 -1 -1 -1 -1 -1 -1 -1 -1
-1 -1 -1 -1 -1 -1 -1 -1 -1 -1 -1
-1 -1 -1 -1 -1 -1 -1 -1 -1 -1 -1
-1 -1 -1 -1 -1 -1 -1 -1 -1 -1 -1
-1 -1 -1 -1 -1 -1 -1 -1 -1 -1 -1
-1 -1 -1 -1 -1 -1 -1 -1 -1 -1 -1
-1 -1 -1 -1 -1 -1 -1 -1 -1 -1 -1
-1 -1 -1 -1 -1 -1 -1 -1 -1 -1 -1
-1 -1 -1 -1 -1 -1 -1 -1 -1 -1 -1
-1 -1 -1 -1 -1 -1 -1 -1 -1 -1 -1
-1 -1 -1 -1 -1 -1 -1 -1 -1 -1 -1
-1 -1 -1 -1 -1 -1 -1 -1 -1 -1 -1
-1 -1 -1 -1 -1 -1 -1 -1 -1 -1 -1
-1 -1 -1 -1 -1 -1 -1 -1 -1 -1 -1
-1 -1 -1 -1 -1 -1 -1 -1 -1 -1 -1
-1 -1 -1 -1 -1 -1 -1 -1 -1 -1 -1
-1 -1 -1 -1 -1 -1 -1 -1 -1 -1 -1
-1 -1 -1 -1 -1 -1 -1 -1 -1 -1 -1
-1 -1 -1 -1 -1 -1 -1 -1 -1 -1 -1
-1 -1 -1 -1 -1 -1 -1 -1 -1 -1 -1
-1 -1 -1 -1 -1 -1 -1 -1 -1 -1 -1
-1 -1 -1 -1 -1 -1 -1 -1 -1 -1 -1
-1 -1 -1 -1 -1 -1 -1 -1 -1 -1 -1
-1 -1 -1 -1 -1 -1 -1 -1 -1 -1 -1
-1 -1 -1 -1 -1 -1 -1 -1 -1 -1 -1
-1 -1 -1 -1 -1 -1 -1 -1 -1 -1 -1
-1 -1 -1 -1 -1 -1 -1 -1 -1 -1 -1
-1 -1 -1 -1 -1 -1 -1 -1 -1 -1 -1
-1 -1 -1 -1 -1 -1 -1 -1 -1 -1 -1
-1 -1 -1 -1 -1 -1 -1 -1 -1 -1 -1
-1 -1 -1 -1 -1 -1 -1 -1 -1 -1 -1
-1 -1 -1 -1 -1 -1 -1 -1 -1 -1 -1
-1 -1 -1 -1 -1 -1 -1 -1 -1 -1 -1
-1 -1 -1 -1 -1 -1 -1 -1 -1 -1 -1
-1 -1 -1 -1 -1 -1 -1 -1 -1 -1 -1
-1 -1 -1 -1 -1 -1 -1 -1 -1 -1 -1
-1 -1 -1 -1 -1 -1 -1 -1 -1 -1 -1
-1 -1 -1 -1 -1 -1 -1 -1 -1 -1 -1
-1 -1 -1 -1 -1 -1 -1 -1 -1 -1 -1
-1 -1 -1 -1 -1 -1 -1 -1 -1 -1 -1
-1 -1 -1 -1 -1 -1 -1 -1 -1 -1 -1
-1 -1 -1 -1 -1 -1 -1 -1 -1 -1 -1
-1 -1 -1 -1 -1 -1 -1 -1 -1 -1 -1
-1 -1 -1 -1 -1 -1 -1 -1 -1 -1 -1
-1 -1 -1 -1 -1 -1 -1 -1 -1 -1 -1
-1 -1 -1 -1 -1 -1 -1 -1 -1 -1 -1
-1 -1 -1 -1 -1 -1 -1 -1 -1 -1 -1
-1 -1 -1 -1 -1 -1 -1 -1 -1 -1 -1
-1 -1 -1 -1 -1 -1 -1 -1 -1 -1 -1
-1 -1 -1 -1 -1 -1 -1 -1 -1 -1 -1
-1 -1 -1 -1 -1 -1 -1 -1 -1 -1 -1
-1 -1 -1 -1 -1 -1 -1 -1 -1 -1 -1
-1 -1 -1 -1 -1 -1 -1 -1 -1 -1 -1
-1 -1 -1 -1 -1 -1 -1 -1 -1 -1 -1
-1 -1 -1 -1 -1 -1 -1 -1 -1 -1 -1
-1 -1 -1 -1 -1 -1 -1 -1 -1 -1 -1
-1 -1 -1 -1 -1 -1 -1 -1 -1 -1 -1
-1 -1 -1 -1 -1 -1 -1 -1 -1 -1 -1
-1 -1 -1 -1 -1 -1 -1 -1 -1 -1 -1
-1 -1 -1 -1 -1 -1 -1 -1 -1 -1 -1
-1 -1 -1 -1 -1 -1 -1 -1 -1 -1 -1
-1 -1 -1 -1 -1 -1 -1 -1 -1 -1 -1
-1 -1 -1 -1 -1 -1 -1 -1 -1 -1 -1
-1 -1 -1 -1 -1 -1 -1 -1 -1 -1 -1
-1 -1 -1 -1 -1 -1 -1 -1 -1 -1 -1
-1 -1 -1 -1 -1 -1 -1 -1 -1 -1 -1
-1 -1 -1 -1 -1 -1 -1 -1 -1 -1 -1
-1 -1 -1 -1 -1 -1 -1 -1 -1 -1 -1
-1 -1 -1 -1 -1 -1 -1 -1 -1 -1 -1
-1 -1 -1 -1 -1 -1 -1 -1 -1 -1 -1
-1 -1 -1 -1 -1 -1 -1 -1 -1 -1 -1
-1 -1 -1 -1 -1 -1 -1 -1 -1 -1 -1
3
119222
2 5 0 2
6 5 -1 2
0 0 0 0 0 0 0 0 0 0 0
0 0 0 0 1 0 0 0 0 0 0
0 1 0 1 0 0 0 0 0 0 0
1 1 0 0 0 0 0 0 0 0 0
0 0 0 0 0 1 0 0 1 0 0
0 0 0 0 0 0 0 0 0 0 0
2 2 2 2 2 2 2 2 2 2 2
0 0 0 1 0 0 1 0 1 1 1
1 1 0 0 0 1 1 1 1 0 1
0 0 0 0 0 0 0 0 0 0 0
1 0 0 0 1 1 0 0 1 0 0
0 1 0 0 0 1 0 0 0 0 0
0 0 0 0 1 0 0 0 0 0 1
0 0 0 0 0 0 0 0 0 0 0
2 2 2 2 2 2 0 2 2 2 2
2 2 2 2 2 2 2 2 2 2 2
-1 -1 -1 -1 -1 -1 -1 -1 -1 -1 -1
-1 -1 -1 -1 -1 -1 -1 -1 -1 -1 -1
-1 -1 -1 -1 -1 -1 -1 -1 -1 -1 -1
-1 -1 -1 -1 -1 -1 -1 -1 -1 -1 -1
-1 -1 -1 -1 -1 -1 -1 -1 -1 -1 -1
-1 -1 -1 -1 -1 -1 -1 -1 -1 -1 -1
-1 -1 -1 -1 -1 -1 -1 -1 -1 -1 -1
-1 -1 -1 -1 -1 -1 -1 -1 -1 -1 -1
-1 -1 -1 -1 -1 -1 -1 -1 -1 -1 -1
-1 -1 -1 -1 -1 -1 -1 -1 -1 -1 -1
-1 -1 -1 -1 -1 -1 -1 -1 -1 -1 -1
-1 -1 -1 -1 -1 -1 -1 -1 -1 -1 -1
-1 -1 -1 -1 -1 -1 -1 -1 -1 -1 -1
-1 -1 -1 -1 -1 -1 -1 -1 -1 -1 -1
-1 -1 -1 -1 -1 -1 -1 -1 -1 -1 -1
-1 -1 -1 -1 -1 -1 -1 -1 -1 -1 -1
-1 -1 -1 -1 -1 -1 -1 -1 -1 -1 -1
-1 -1 -1 -1 -1 -1 -1 -1 -1 -1 -1
-1 -1 -1 -1 -1 -1 -1 -1 -1 -1 -1
-1 -1 -1 -1 -1 -1 -1 -1 -1 -1 -1
-1 -1 -1 -1 -1 -1 -1 -1 -1 -1 -1
-1 -1 -1 -1 -1 -1 -1 -1 -1 -1 -1
-1 -1 -1 -1 -1 -1 -1 -1 -1 -1 -1
-1 -1 -1 -1 -1 -1 -1 -1 -1 -1 -1
-1 -1 -1 -1 -1 -1 -1 -1 -1 -1 -1
-1 -1 -1 -1 -1 -1 -1 -1 -1 -1 -1
-1 -1 -1 -1 -1 -1 -1 -1 -1 -1 -1
-1 -1 -1 -1 -1 -1 -1 -1 -1 -1 -1
-1 -1 -1 -1 -1 -1 -1 -1 -1 -1 -1
-1 -1 -1 -1 -1 -1 -1 -1 -1 -1 -1
-1 -1 -1 -1 -1 -1 -1 -1 -1 -1 -1
-1 -1 -1 -1 -1 -1 -1 -1 -1 -1 -1
-1 -1 -1 -1 -1 -1 -1 -1 -1 -1 -1
-1 -1 -1 -1 -1 -1 -1 -1 -1 -1 -1
-1 -1 -1 -1 -1 -1 -1 -1 -1 -1 -1
-1 -1 -1 -1 -1 -1 -1 -1 -1 -1 -1
-1 -1 -1 -1 -1 -1 -1 -1 -1 -1 -1
-1 -1 -1 -1 -1 -1 -1 -1 -1 -1 -1
-1 -1 -1 -1 -1 -1 -1 -1 -1 -1 -1
-1 -1 -1 -1 -1 -1 -1 -1 -1 -1 -1
-1 -1 -1 -1 -1 -1 -1 -1 -1 -1 -1
-1 -1 -1 -1 -1 -1 -1 -1 -1 -1 -1
-1 -1 -1 -1 -1 -1 -1 -1 -1 -1 -1
-1 -1 -1 -1 -1 -1 -1 -1 -1 -1 -1
-1 -1 -1 -1 -1 -1 -1 -1 -1 -1 -1
-1 -1 -1 -1 -1 -1 -1 -1 -1 -1 -1
-1 -1 -1 -1 -1 -1 -1 -1 -1 -1 -1
-1 -1 -1 -1 -1 -1 -1 -1 -1 -1 -1
-1 -1 -1 -1 -1 -1 -1 -1 -1 -1 -1
-1 -1 -1 -1 -1 -1 -1 -1 -1 -1 -1
-1 -1 -1 -1 -1 -1 -1 -1 -1 -1 -1
-1 -1 -1 -1 -1 -1 -1 -1 -1 -1 -1
-1 -1 -1 -1 -1 -1 -1 -1 -1 -1 -1
-1 -1 -1 -1 -1 -1 -1 -1 -1 -1 -1
-1 -1 -1 -1 -1 -1 -1 -1 -1 -1 -1
-1 -1 -1 -1 -1 -1 -1 -1 -1 -1 -1
-1 -1 -1 -1 -1 -1 -1 -1 -1 -1 -1
-1 -1 -1 -1 -1 -1 -1 -1 -1 -1 -1
-1 -1 -1 -1 -1 -1 -1 -1 -1 -1 -1
-1 -1 -1 -1 -1 -1 -1 -1 -1 -1 -1
-1 -1 -1 -1 -1 -1 -1 -1 -1 -1 -1
-1 -1 -1 -1 -1 -1 -1 -1 -1 -1 -1
-1 -1 -1 -1 -1 -1 -1 -1 -1 -1 -1
-1 -1 -1 -1 -1 -1 -1 -1 -1 -1 -1
-1 -1 -1 -1 -1 -1 -1 -1 -1 -1 -1
-1 -1 -1 -1 -1 -1 -1 -1 -1 -1 -1
-1 -1 -1 -1 -1 -1 -1 -1 -1 -1 -1
-1 -1 -1 -1 -1 -1 -1 -1 -1 -1 -1
-1 -1 -1 -1 -1 -1 -1 -1 -1 -1 -1
-1 -1 -1 -1 -1 -1 -1 -1 -1 -1 -1
-1 -1 -1 -1 -1 -1 -1 -1 -1 -1 -1
-1 -1 -1 -1 -1 -1 -1 -1 -1 -1 -1
-1 -1 -1 -1 -1 -1 -1 -1 -1 -1 -1
-1 -1 -1 -1 -1 -1 -1 -1 -1 -1 -1
-1 -1 -1 -1 -1 -1 -1 -1 -1 -1 -1
-1 -1 -1 -1 -1 -1 -1 -1 -1 -1 -1
-1 -1 -1 -1 -1 -1 -1 -1 -1 -1 -1
4
118976
2 7 0 2
4 8 -2 3
0 0 0 0 0 0 0 0 0 0 0
0 0 0 0 1 0 0 0 0 0 0
0 1 0 1 0 0 0 0 0 0 0
1 1 0 0 0 0 0 0 0 0 0
0 0 0 0 0 1 0 0 1 0 0
0 0 0 0 0 0 0 0 0 0 0
2 2 2 2 2 2 2 2 2 2 2
0 0 0 1 0 0 1 0 1 1 1
1 1 0 0 0 1 1 1 1 0 1
0 0 0 0 0 0 0 0 0 0 0
1 0 0 0 1 1 0 0 1 0 0
0 1 0 0 0 1 0 0 0 0 0
0 0 0 0 1 0 0 0 0 0 1
0 0 0 0 0 0 0 0 0 0 0
2 2 2 2 2 2 0 2 2 2 2
2 2 2 2 2 2 2 2 2 2 2
2 2 2 2 0 2 0 2 2 2 2
0 0 0 0 0 0 0 0 0 2 1
0 0 0 0 1 1 0 0 0 2 0
-1 -1 -1 -1 -1 -1 -1 -1 -1 -1 -1
-1 -1 -1 -1 -1 -1 -1 -1 -1 -1 -1
-1 -1 -1 -1 -1 -1 -1 -1 -1 -1 -1
-1 -1 -1 -1 -1 -1 -1 -1 -1 -1 -1
-1 -1 -1 -1 -1 -1 -1 -1 -1 -1 -1
-1 -1 -1 -1 -1 -1 -1 -1 -1 -1 -1
-1 -1 -1 -1 -1 -1 -1 -1 -1 -1 -1
-1 -1 -1 -1 -1 -1 -1 -1 -1 -1 -1
-1 -1 -1 -1 -1 -1 -1 -1 -1 -1 -1
-1 -1 -1 -1 -1 -1 -1 -1 -1 -1 -1
-1 -1 -1 -1 -1 -1 -1 -1 -1 -1 -1
-1 -1 -1 -1 -1 -1 -1 -1 -1 -1 -1
-1 -1 -1 -1 -1 -1 -1 -1 -1 -1 -1
-1 -1 -1 -1 -1 -1 -1 -1 -1 -1 -1
-1 -1 -1 -1 -1 -1 -1 -1 -1 -1 -1
-1 -1 -1 -1 -1 -1 -1 -1 -1 -1 -1
-1 -1 -1 -1 -1 -1 -1 -1 -1 -1 -1
-1 -1 -1 -1 -1 -1 -1 -1 -1 -1 -1
-1 -1 -1 -1 -1 -1 -1 -1 -1 -1 -1
-1 -1 -1 -1 -1 -1 -1 -1 -1 -1 -1
-1 -1 -1 -1 -1 -1 -1 -1 -1 -1 -1
-1 -1 -1 -1 -1 -1 -1 -1 -1 -1 -1
-1 -1 -1 -1 -1 -1 -1 -1 -1 -1 -1
-1 -1 -1 -1 -1 -1 -1 -1 -1 -1 -1
-1 -1 -1 -1 -1 -1 -1 -1 -1 -1 -1
-1 -1 -1 -1 -1 -1 -1 -1 -1 -1 -1
-1 -1 -1 -1 -1 -1 -1 -1 -1 -1 -1
-1 -1 -1 -1 -1 -1 -1 -1 -1 -1 -1
-1 -1 -1 -1 -1 -1 -1 -1 -1 -1 -1
-1 -1 -1 -1 -1 -1 -1 -1 -1 -1 -1
-1 -1 -1 -1 -1 -1 -1 -1 -1 -1 -1
-1 -1 -1 -1 -1 -1 -1 -1 -1 -1 -1
-1 -1 -1 -1 -1 -1 -1 -1 -1 -1 -1
-1 -1 -1 -1 -1 -1 -1 -1 -1 -1 -1
-1 -1 -1 -1 -1 -1 -1 -1 -1 -1 -1
-1 -1 -1 -1 -1 -1 -1 -1 -1 -1 -1
-1 -1 -1 -1 -1 -1 -1 -1 -1 -1 -1
-1 -1 -1 -1 -1 -1 -1 -1 -1 -1 -1
-1 -1 -1 -1 -1 -1 -1 -1 -1 -1 -1
-1 -1 -1 -1 -1 -1 -1 -1 -1 -1 -1
-1 -1 -1 -1 -1 -1 -1 -1 -1 -1 -1
-1 -1 -1 -1 -1 -1 -1 -1 -1 -1 -1
-1 -1 -1 -1 -1 -1 -1 -1 -1 -1 -1
-1 -1 -1 -1 -1 -1 -1 -1 -1 -1 -1
-1 -1 -1 -1 -1 -1 -1 -1 -1 -1 -1
-1 -1 -1 -1 -1 -1 -1 -1 -1 -1 -1
-1 -1 -1 -1 -1 -1 -1 -1 -1 -1 -1
-1 -1 -1 -1 -1 -1 -1 -1 -1 -1 -1
-1 -1 -1 -1 -1 -1 -1 -1 -1 -1 -1
-1 -1 -1 -1 -1 -1 -1 -1 -1 -1 -1
-1 -1 -1 -1 -1 -1 -1 -1 -1 -1 -1
-1 -1 -1 -1 -1 -1 -1 -1 -1 -1 -1
-1 -1 -1 -1 -1 -1 -1 -1 -1 -1 -1
-1 -1 -1 -1 -1 -1 -1 -1 -1 -1 -1
-1 -1 -1 -1 -1 -1 -1 -1 -1 -1 -1
-1 -1 -1 -1 -1 -1 -1 -1 -1 -1 -1
-1 -1 -1 -1 -1 -1 -1 -1 -1 -1 -1
-1 -1 -1 -1 -1 -1 -1 -1 -1 -1 -1
-1 -1 -1 -1 -1 -1 -1 -1 -1 -1 -1
-1 -1 -1 -1 -1 -1 -1 -1 -1 -1 -1
-1 -1 -1 -1 -1 -1 -1 -1 -1 -1 -1
-1 -1 -1 -1 -1 -1 -1 -1 -1 -1 -1
-1 -1 -1 -1 -1 -1 -1 -1 -1 -1 -1
-1 -1 -1 -1 -1 -1 -1 -1 -1 -1 -1
-1 -1 -1 -1 -1 -1 -1 -1 -1 -1 -1
-1 -1 -1 -1 -1 -1 -1 -1 -1 -1 -1
-1 -1 -1 -1 -1 -1 -1 -1 -1 -1 -1
-1 -1 -1 -1 -1 -1 -1 -1 -1 -1 -1
-1 -1 -1 -1 -1 -1 -1 -1 -1 -1 -1
-1 -1 -1 -1 -1 -1 -1 -1 -1 -1 -1
-1 -1 -1 -1 -1 -1 -1 -1 -1 -1 -1
-1 -1 -1 -1 -1 -1 -1 -1 -1 -1 -1
-1 -1 -1 -1 -1 -1 -1 -1 -1 -1 -1
-1 -1 -1 -1 -1 -1 -1 -1 -1 -1 -1
5
118912
3 10 1 3
4 8 0 0
0 0 0 0 0 0 0 0 0 0 0
0 0 0 0 1 0 0 0 0 0 0
0 1 0 1 0 0 0 0 0 0 0
1 1 0 0 0 0 0 0 0 0 0
0 0 0 0 0 1 0 0 1 0 0
0 0 0 0 0 0 0 0 0 0 0
2 2 2 2 2 2 2 2 2 2 2
0 0 0 1 0 0 1 0 1 1 1
1 1 0 0 0 1 1 1 1 0 1
0 0 0 0 0 0 0 0 0 0 0
1 0 0 0 1 1 0 0 1 0 0
0 1 0 0 0 1 0 0 0 0 0
0 0 0 0 1 0 0 0 0 0 1
0 0 0 0 0 0 0 0 0 0 0
2 2 2 2 2 2 0 2 2 2 2
2 2 2 2 2 2 2 2 2 2 2
2 2 2 2 0 2 0 2 2 2 2
0 0 0 0 0 0 0 0 0 2 1
0 0 0 0 1 1 0 0 0 2 0
0 0 0 0 1 1 0 0 0 0 0
0 0 0 0 1 2 0 0 0 0 0
-1 -1 -1 -1 -1 -1 -1 -1 -1 -1 -1
-1 -1 -1 -1 -1 -1 -1 -1 -1 -1 -1
-1 -1 -1 -1 -1 -1 -1 -1 -1 -1 -1
-1 -1 -1 -1 -1 -1 -1 -1 -1 -1 -1
-1 -1 -1 -1 -1 -1 -1 -1 -1 -1 -1
-1 -1 -1 -1 -1 -1 -1 -1 -1 -1 -1
-1 -1 -1 -1 -1 -1 -1 -1 -1 -1 -1
-1 -1 -1 -1 -1 -1 -1 -1 -1 -1 -1
-1 -1 -1 -1 -1 -1 -1 -1 -1 -1 -1
-1 -1 -1 -1 -1 -1 -1 -1 -1 -1 -1
-1 -1 -1 -1 -1 -1 -1 -1 -1 -1 -1
-1 -1 -1 -1 -1 -1 -1 -1 -1 -1 -1
-1 -1 -1 -1 -1 -1 -1 -1 -1 -1 -1
-1 -1 -1 -1 -1 -1 -1 -1 -1 -1 -1
-1 -1 -1 -1 -1 -1 -1 -1 -1 -1 -1
-1 -1 -1 -1 -1 -1 -1 -1 -1 -1 -1
-1 -1 -1 -1 -1 -1 -1 -1 -1 -1 -1
-1 -1 -1 -1 -1 -1 -1 -1 -1 -1 -1
-1 -1 -1 -1 -1 -1 -1 -1 -1 -1 -1
-1 -1 -1 -1 -1 -1 -1 -1 -1 -1 -1
-1 -1 -1 -1 -1 -1 -1 -1 -1 -1 -1
-1 -1 -1 -1 -1 -1 -1 -1 -1 -1 -1
-1 -1 -1 -1 -1 -1 -1 -1 -1 -1 -1
-1 -1 -1 -1 -1 -1 -1 -1 -1 -1 -1
-1 -1 -1 -1 -1 -1 -1 -1 -1 -1 -1
-1 -1 -1 -1 -1 -1 -1 -1 -1 -1 -1
-1 -1 -1 -1 -1 -1 -1 -1 -1 -1 -1
-1 -1 -1 -1 -1 -1 -1 -1 -1 -1 -1
-1 -1 -1 -1 -1 -1 -1 -1 -1 -1 -1
-1 -1 -1 -1 -1 -1 -1 -1 -1 -1 -1
-1 -1 -1 -1 -1 -1 -1 -1 -1 -1 -1
-1 -1 -1 -1 -1 -1 -1 -1 -1 -1 -1
-1 -1 -1 -1 -1 -1 -1 -1 -1 -1 -1
-1 -1 -1 -1 -1 -1 -1 -1 -1 -1 -1
-1 -1 -1 -1 -1 -1 -1 -1 -1 -1 -1
-1 -1 -1 -1 -1 -1 -1 -1 -1 -1 -1
-1 -1 -1 -1 -1 -1 -1 -1 -1 -1 -1
-1 -1 -1 -1 -1 -1 -1 -1 -1 -1 -1
-1 -1 -1 -1 -1 -1 -1 -1 -1 -1 -1
-1 -1 -1 -1 -1 -1 -1 -1 -1 -1 -1
-1 -1 -1 -1 -1 -1 -1 -1 -1 -1 -1
-1 -1 -1 -1 -1 -1 -1 -1 -1 -1 -1
-1 -1 -1 -1 -1 -1 -1 -1 -1 -1 -1
-1 -1 -1 -1 -1 -1 -1 -1 -1 -1 -1
-1 -1 -1 -1 -1 -1 -1 -1 -1 -1 -1
-1 -1 -1 -1 -1 -1 -1 -1 -1 -1 -1
-1 -1 -1 -1 -1 -1 -1 -1 -1 -1 -1
-1 -1 -1 -1 -1 -1 -1 -1 -1 -1 -1
-1 -1 -1 -1 -1 -1 -1 -1 -1 -1 -1
-1 -1 -1 -1 -1 -1 -1 -1 -1 -1 -1
-1 -1 -1 -1 -1 -1 -1 -1 -1 -1 -1
-1 -1 -1 -1 -1 -1 -1 -1 -1 -1 -1
-1 -1 -1 -1 -1 -1 -1 -1 -1 -1 -1
-1 -1 -1 -1 -1 -1 -1 -1 -1 -1 -1
-1 -1 -1 -1 -1 -1 -1 -1 -1 -1 -1
-1 -1 -1 -1 -1 -1 -1 -1 -1 -1 -1
-1 -1 -1 -1 -1 -1 -1 -1 -1 -1 -1
-1 -1 -1 -1 -1 -1 -1 -1 -1 -1 -1
-1 -1 -1 -1 -1 -1 -1 -1 -1 -1 -1
-1 -1 -1 -1 -1 -1 -1 -1 -1 -1 -1
-1 -1 -1 -1 -1 -1 -1 -1 -1 -1 -1
-1 -1 -1 -1 -1 -1 -1 -1 -1 -1 -1
-1 -1 -1 -1 -1 -1 -1 -1 -1 -1 -1
-1 -1 -1 -1 -1 -1 -1 -1 -1 -1 -1
-1 -1 -1 -1 -1 -1 -1 -1 -1 -1 -1
-1 -1 -1 -1 -1 -1 -1 -1 -1 -1 -1
-1 -1 -1 -1 -1 -1 -1 -1 -1 -1 -1
-1 -1 -1 -1 -1 -1 -1 -1 -1 -1 -1
-1 -1 -1 -1 -1 -1 -1 -1 -1 -1 -1
-1 -1 -1 -1 -1 -1 -1 -1 -1 -1 -1
-1 -1 -1 -1 -1 -1 -1 -1 -1 -1 -1
-1 -1 -1 -1 -1 -1 -1 -1 -1 -1 -1
6
118760
3 13 0 3
3 9 -1 1
0 0 0 0 0 0 0 0 0 0 0
0 0 0 0 1 0 0 0 0 0 0
0 1 0 1 0 0 0 0 0 0 0
1 1 0 0 0 0 0 0 0 0 0
0 0 0 0 0 1 0 0 1 0 0
0 0 0 0 0 0 0 0 0 0 0
2 2 2 2 2 2 2 2 2 2 2
0 0 0 1 0 0 1 0 1 1 1
1 1 0 0 0 1 1 1 1 0 1
0 0 0 0 0 0 0 0 0 0 0
1 0 0 0 1 1 0 0 1 0 0
0 1 0 0 0 1 0 0 0 0 0
0 0 0 0 1 0 0 0 0 0 1
0 0 0 0 0 0 0 0 0 0 0
2 2 2 2 2 2 0 2 2 2 2
2 2 2 2 2 2 2 2 2 2 2
2 2 2 2 0 2 0 2 2 2 2
0 0 0 0 0 0 0 0 0 2 1
0 0 0 0 1 1 0 0 0 2 0
0 0 0 0 1 1 0 0 0 0 0
0 0 0 0 1 2 0 0 0 0 0
0 0 0 0 1 2 0 0 0 0 0
0 0 0 0 0 2 0 0 0 0 0
0 0 0 0 0 2 0 0 0 0 0
-1 -1 -1 -1 -1 -1 -1 -1 -1 -1 -1
-1 -1 -1 -1 -1 -1 -1 -1 -1 -1 -1
-1 -1 -1 -1 -1 -1 -1 -1 -1 -1 -1
-1 -1 -1 -1 -1 -1 -1 -1 -1 -1 -1
-1 -1 -1 -1 -1 -1 -1 -1 -1 -1 -1
-1 -1 -1 -1 -1 -1 -1 -1 -1 -1 -1
-1 -1 -1 -1 -1 -1 -1 -1 -1 -1 -1
-1 -1 -1 -1 -1 -1 -1 -1 -1 -1 -1
-1 -1 -1 -1 -1 -1 -1 -1 -1 -1 -1
-1 -1 -1 -1 -1 -1 -1 -1 -1 -1 -1
-1 -1 -1 -1 -1 -1 -1 -1 -1 -1 -1
-1 -1 -1 -1 -1 -1 -1 -1 -1 -1 -1
-1 -1 -1 -1 -1 -1 -1 -1 -1 -1 -1
-1 -1 -1 -1 -1 -1 -1 -1 -1 -1 -1
-1 -1 -1 -1 -1 -1 -1 -1 -1 -1 -1
-1 -1 -1 -1 -1 -1 -1 -1 -1 -1 -1
-1 -1 -1 -1 -1 -1 -1 -1 -1 -1 -1
-1 -1 -1 -1 -1 -1 -1 -1 -1 -1 -1
-1 -1 -1 -1 -1 -1 -1 -1 -1 -1 -1
-1 -1 -1 -1 -1 -1 -1 -1 -1 -1 -1
-1 -1 -1 -1 -1 -1 -1 -1 -1 -1 -1
-1 -1 -1 -1 -1 -1 -1 -1 -1 -1 -1
-1 -1 -1 -1 -1 -1 -1 -1 -1 -1 -1
-1 -1 -1 -1 -1 -1 -1 -1 -1 -1 -1
-1 -1 -1 -1 -1 -1 -1 -1 -1 -1 -1
-1 -1 -1 -1 -1 -1 -1 -1 -1 -1 -1
-1 -1 -1 -1 -1 -1 -1 -1 -1 -1 -1
-1 -1 -1 -1 -1 -1 -1 -1 -1 -1 -1
-1 -1 -1 -1 -1 -1 -1 -1 -1 -1 -1
-1 -1 -1 -1 -1 -1 -1 -1 -1 -1 -1
-1 -1 -1 -1 -1 -1 -1 -1 -1 -1 -1
-1 -1 -1 -1 -1 -1 -1 -1 -1 -1 -1
-1 -1 -1 -1 -1 -1 -1 -1 -1 -1 -1
-1 -1 -1 -1 -1 -1 -1 -1 -1 -1 -1
-1 -1 -1 -1 -1 -1 -1 -1 -1 -1 -1
-1 -1 -1 -1 -1 -1 -1 -1 -1 -1 -1
-1 -1 -1 -1 -1 -1 -1 -1 -1 -1 -1
-1 -1 -1 -1 -1 -1 -1 -1 -1 -1 -1
-1 -1 -1 -1 -1 -1 -1 -1 -1 -1 -1
-1 -1 -1 -1 -1 -1 -1 -1 -1 -1 -1
-1 -1 -1 -1 -1 -1 -1 -1 -1 -1 -1
-1 -1 -1 -1 -1 -1 -1 -1 -1 -1 -1
-1 -1 -1 -1 -1 -1 -1 -1 -1 -1 -1
-1 -1 -1 -1 -1 -1 -1 -1 -1 -1 -1
-1 -1 -1 -1 -1 -1 -1 -1 -1 -1 -1
-1 -1 -1 -1 -1 -1 -1 -1 -1 -1 -1
-1 -1 -1 -1 -1 -1 -1 -1 -1 -1 -1
-1 -1 -1 -1 -1 -1 -1 -1 -1 -1 -1
-1 -1 -1 -1 -1 -1 -1 -1 -1 -1 -1
-1 -1 -1 -1 -1 -1 -1 -1 -1 -1 -1
-1 -1 -1 -1 -1 -1 -1 -1 -1 -1 -1
-1 -1 -1 -1 -1 -1 -1 -1 -1 -1 -1
-1 -1 -1 -1 -1 -1 -1 -1 -1 -1 -1
-1 -1 -1 -1 -1 -1 -1 -1 -1 -1 -1
-1 -1 -1 -1 -1 -1 -1 -1 -1 -1 -1
-1 -1 -1 -1 -1 -1 -1 -1 -1 -1 -1
-1 -1 -1 -1 -1 -1 -1 -1 -1 -1 -1
-1 -1 -1 -1 -1 -1 -1 -1 -1 -1 -1
-1 -1 -1 -1 -1 -1 -1 -1 -1 -1 -1
-1 -1 -1 -1 -1 -1 -1 -1 -1 -1 -1
-1 -1 -1 -1 -1 -1 -1 -1 -1 -1 -1
-1 -1 -1 -1 -1 -1 -1 -1 -1 -1 -1
-1 -1 -1 -1 -1 -1 -1 -1 -1 -1 -1
-1 -1 -1 -1 -1 -1 -1 -1 -1 -1 -1
-1 -1 -1 -1 -1 -1 -1 -1 -1 -1 -1
-1 -1 -1 -1 -1 -1 -1 -1 -1 -1 -1
-1 -1 -1 -1 -1 -1 -1 -1 -1 -1 -1
-1 -1 -1 -1 -1 -1 -1 -1 -1 -1 -1
-1 -1 -1 -1 -1 -1 -1 -1 -1 -1 -1
7
118578
3 17 0 4
2 11 -1 2
0 0 0 0 0 0 0 0 0 0 0
0 0 0 0 1 0 0 0 0 0 0
0 1 0 1 0 0 0 0 0 0 0
1 1 0 0 0 0 0 0 0 0 0
0 0 0 0 0 1 0 0 1 0 0
0 0 0 0 0 0 0 0 0 0 0
2 2 2 2 2 2 2 2 2 2 2
0 0 0 1 0 0 1 0 1 1 1
1 1 0 0 0 1 1 1 1 0 1
0 0 0 0 0 0 0 0 0 0 0
1 0 0 0 1 1 0 0 1 0 0
0 1 0 0 0 1 0 0 0 0 0
0 0 0 0 1 0 0 0 0 0 1
0 0 0 0 0 0 0 0 0 0 0
2 2 2 2 2 2 0 2 2 2 2
2 2 2 2 2 2 2 2 2 2 2
2 2 2 2 0 2 0 2 2 2 2
0 0 0 0 0 0 0 0 0 2 1
0 0 0 0 1 1 0 0 0 2 0
0 0 0 0 1 1 0 0 0 0 0
0 0 0 0 1 2 0 0 0 0 0
0 0 0 0 1 2 0 0 0 0 0
0 0 0 0 0 2 0 0 0 0 0
0 0 0 0 0 2 0 0 0 0 0
0 0 0 0 0 2 0 0 0 0 0
0 0 0 0 0 2 0 0 0 0 0
0 0 0 0 0 0 0 0 0 0 0
0 0 0 0 0 0 0 0 2 0 1
-1 -1 -1 -1 -1 -1 -1 -1 -1 -1 -1
-1 -1 -1 -1 -1 -1 -1 -1 -1 -1 -1
-1 -1 -1 -1 -1 -1 -1 -1 -1 -1 -1
-1 -1 -1 -1 -1 -1 -1 -1 -1 -1 -1
-1 -1 -1 -1 -1 -1 -1 -1 -1 -1 -1
-1 -1 -1 -1 -1 -1 -1 -1 -1 -1 -1
-1 -1 -1 -1 -1 -1 -1 -1 -1 -1 -1
-1 -1 -1 -1 -1 -1 -1 -1 -1 -1 -1
-1 -1 -1 -1 -1 -1 -1 -1 -1 -1 -1
-1 -1 -1 -1 -1 -1 -1 -1 -1 -1 -1
-1 -1 -1 -1 -1 -1 -1 -1 -1 -1 -1
-1 -1 -1 -1 -1 -1 -1 -1 -1 -1 -1
-1 -1 -1 -1 -1 -1 -1 -1 -1 -1 -1
-1 -1 -1 -1 -1 -1 -1 -1 -1 -1 -1
-1 -1 -1 -1 -1 -1 -1 -1 -1 -1 -1
-1 -1 -1 -1 -1 -1 -1 -1 -1 -1 -1
-1 -1 -1 -1 -1 -1 -1 -1 -1 -1 -1
-1 -1 -1 -1 -1 -1 -1 -1 -1 -1 -1
-1 -1 -1 -1 -1 -1 -1 -1 -1 -1 -1
-1 -1 -1 -1 -1 -1 -1 -1 -1 -1 -1
-1 -1 -1 -1 -1 -1 -1 -1 -1 -1 -1
-1 -1 -1 -1 -1 -1 -1 -1 -1 -1 -1
-1 -1 -1 -1 -1 -1 -1 -1 -1 -1 -1
-1 -1 -1 -1 -1 -1 -1 -1 -1 -1 -1
-1 -1 -1 -1 -1 -1 -1 -1 -1 -1 -1
-1 -1 -1 -1 -1 -1 -1 -1 -1 -1 -1
-1 -1 -1 -1 -1 -1 -1 -1 -1 -1 -1
-1 -1 -1 -1 -1 -1 -1 -1 -1 -1 -1
-1 -1 -1 -1 -1 -1 -1 -1 -1 -1 -1
-1 -1 -1 -1 -1 -1 -1 -1 -1 -1 -1
-1 -1 -1 -1 -1 -1 -1 -1 -1 -1 -1
-1 -1 -1 -1 -1 -1 -1 -1 -1 -1 -1
-1 -1 -1 -1 -1 -1 -1 -1 -1 -1 -1
-1 -1 -1 -1 -1 -1 -1 -1 -1 -1 -1
-1 -1 -1 -1 -1 -1 -1 -1 -1 -1 -1
-1 -1 -1 -1 -1 -1 -1 -1 -1 -1 -1
-1 -1 -1 -1 -1 -1 -1 -1 -1 -1 -1
-1 -1 -1 -1 -1 -1 -1 -1 -1 -1 -1
-1 -1 -1 -1 -1 -1 -1 -1 -1 -1 -1
-1 -1 -1 -1 -1 -1 -1 -1 -1 -1 -1
-1 -1 -1 -1 -1 -1 -1 -1 -1 -1 -1
-1 -1 -1 -1 -1 -1 -1 -1 -1 -1 -1
-1 -1 -1 -1 -1 -1 -1 -1 -1 -1 -1
-1 -1 -1 -1 -1 -1 -1 -1 -1 -1 -1
-1 -1 -1 -1 -1 -1 -1 -1 -1 -1 -1
-1 -1 -1 -1 -1 -1 -1 -1 -1 -1 -1
-1 -1 -1 -1 -1 -1 -1 -1 -1 -1 -1
-1 -1 -1 -1 -1 -1 -1 -1 -1 -1 -1
-1 -1 -1 -1 -1 -1 -1 -1 -1 -1 -1
-1 -1 -1 -1 -1 -1 -1 -1 -1 -1 -1
-1 -1 -1 -1 -1 -1 -1 -1 -1 -1 -1
-1 -1 -1 -1 -1 -1 -1 -1 -1 -1 -1
-1 -1 -1 -1 -1 -1 -1 -1 -1 -1 -1
-1 -1 -1 -1 -1 -1 -1 -1 -1 -1 -1
-1 -1 -1 -1 -1 -1 -1 -1 -1 -1 -1
-1 -1 -1 -1 -1 -1 -1 -1 -1 -1 -1
-1 -1 -1 -1 -1 -1 -1 -1 -1 -1 -1
-1 -1 -1 -1 -1 -1 -1 -1 -1 -1 -1
-1 -1 -1 -1 -1 -1 -1 -1 -1 -1 -1
-1 -1 -1 -1 -1 -1 -1 -1 -1 -1 -1
-1 -1 -1 -1 -1 -1 -1 -1 -1 -1 -1
-1 -1 -1 -1 -1 -1 -1 -1 -1 -1 -1
-1 -1 -1 -1 -1 -1 -1 -1 -1 -1 -1
-1 -1 -1 -1 -1 -1 -1 -1 -1 -1 -1
-1 -1 -1 -1 -1 -1 -1 -1 -1 -1 -1
8
118372
3 22 0 5
1 13 -1 2
0 0 0 0 0 0 0 0 0 0 0
0 0 0 0 1 0 0 0 0 0 0
0 1 0 1 0 0 0 0 0 0 0
1 1 0 0 0 0 0 0 0 0 0
0 0 0 0 0 1 0 0 1 0 0
0 0 0 0 0 0 0 0 0 0 0
2 2 2 2 2 2 2 2 2 2 2
0 0 0 1 0 0 1 0 1 1 1
1 1 0 0 0 1 1 1 1 0 1
0 0 0 0 0 0 0 0 0 0 0
1 0 0 0 1 1 0 0 1 0 0
0 1 0 0 0 1 0 0 0 0 0
0 0 0 0 1 0 0 0 0 0 1
0 0 0 0 0 0 0 0 0 0 0
2 2 2 2 2 2 0 2 2 2 2
2 2 2 2 2 2 2 2 2 2 2
2 2 2 2 0 2 0 2 2 2 2
0 0 0 0 0 0 0 0 0 2 1
0 0 0 0 1 1 0 0 0 2 0
0 0 0 0 1 1 0 0 0 0 0
0 0 0 0 1 2 0 0 0 0 0
0 0 0 0 1 2 0 0 0 0 0
0 0 0 0 0 2 0 0 0 0 0
0 0 0 0 0 2 0 0 0 0 0
0 0 0 0 0 2 0 0 0 0 0
0 0 0 0 0 2 0 0 0 0 0
0 0 0 0 0 0 0 0 0 0 0
0 0 0 0 0 0 0 0 2 0 1
0 0 0 0 2 0 0 0 2 0 1
0 0 0 0 2 0 0 1 2 0 1
0 0 0 0 2 0 0 1 2 0 0
0 0 0 0 0 0 1 1 2 0 0
0 0 0 0 0 0 1 1 2 1 0
-1 -1 -1 -1 -1 -1 -1 -1 -1 -1 -1
-1 -1 -1 -1 -1 -1 -1 -1 -1 -1 -1
-1 -1 -1 -1 -1 -1 -1 -1 -1 -1 -1
-1 -1 -1 -1 -1 -1 -1 -1 -1 -1 -1
-1 -1 -1 -1 -1 -1 -1 -1 -1 -1 -1
-1 -1 -1 -1 -1 -1 -1 -1 -1 -1 -1
-1 -1 -1 -1 -1 -1 -1 -1 -1 -1 -1
-1 -1 -1 -1 -1 -1 -1 -1 -1 -1 -1
-1 -1 -1 -1 -1 -1 -1 -1 -1 -1 -1
-1 -1 -1 -1 -1 -1 -1 -1 -1 -1 -1
-1 -1 -1 -1 -1 -1 -1 -1 -1 -1 -1
-1 -1 -1 -1 -1 -1 -1 -1 -1 -1 -1
-1 -1 -1 -1 -1 -1 -1 -1 -1 -1 -1
-1 -1 -1 -1 -1 -1 -1 -1 -1 -1 -1
-1 -1 -1 -1 -1 -1 -1 -1 -1 -1 -1
-1 -1 -1 -1 -1 -1 -1 -1 -1 -1 -1
-1 -1 -1 -1 -1 -1 -1 -1 -1 -1 -1
-1 -1 -1 -1 -1 -1 -1 -1 -1 -1 -1
-1 -1 -1 -1 -1 -1 -1 -1 -1 -1 -1
-1 -1 -1 -1 -1 -1 -1 -1 -1 -1 -1
-1 -1 -1 -1 -1 -1 -1 -1 -1 -1 -1
-1 -1 -1 -1 -1 -1 -1 -1 -1 -1 -1
-1 -1 -1 -1 -1 -1 -1 -1 -1 -1 -1
-1 -1 -1 -1 -1 -1 -1 -1 -1 -1 -1
-1 -1 -1 -1 -1 -1 -1 -1 -1 -1 -1
-1 -1 -1 -1 -1 -1 -1 -1 -1 -1 -1
-1 -1 -1 -1 -1 -1 -1 -1 -1 -1 -1
-1 -1 -1 -1 -1 -1 -1 -1 -1 -1 -1
-1 -1 -1 -1 -1 -1 -1 -1 -1 -1 -1
-1 -1 -1 -1 -1 -1 -1 -1 -1 -1 -1
-1 -1 -1 -1 -1 -1 -1 -1 -1 -1 -1
-1 -1 -1 -1 -1 -1 -1 -1 -1 -1 -1
-1 -1 -1 -1 -1 -1 -1 -1 -1 -1 -1
-1 -1 -1 -1 -1 -1 -1 -1 -1 -1 -1
-1 -1 -1 -1 -1 -1 -1 -1 -1 -1 -1
-1 -1 -1 -1 -1 -1 -1 -1 -1 -1 -1
-1 -1 -1 -1 -1 -1 -1 -1 -1 -1 -1
-1 -1 -1 -1 -1 -1 -1 -1 -1 -1 -1
-1 -1 -1 -1 -1 -1 -1 -1 -1 -1 -1
-1 -1 -1 -1 -1 -1 -1 -1 -1 -1 -1
-1 -1 -1 -1 -1 -1 -1 -1 -1 -1 -1
-1 -1 -1 -1 -1 -1 -1 -1 -1 -1 -1
-1 -1 -1 -1 -1 -1 -1 -1 -1 -1 -1
-1 -1 -1 -1 -1 -1 -1 -1 -1 -1 -1
-1 -1 -1 -1 -1 -1 -1 -1 -1 -1 -1
-1 -1 -1 -1 -1 -1 -1 -1 -1 -1 -1
-1 -1 -1 -1 -1 -1 -1 -1 -1 -1 -1
-1 -1 -1 -1 -1 -1 -1 -1 -1 -1 -1
-1 -1 -1 -1 -1 -1 -1 -1 -1 -1 -1
-1 -1 -1 -1 -1 -1 -1 -1 -1 -1 -1
-1 -1 -1 -1 -1 -1 -1 -1 -1 -1 -1
-1 -1 -1 -1 -1 -1 -1 -1 -1 -1 -1
-1 -1 -1 -1 -1 -1 -1 -1 -1 -1 -1
-1 -1 -1 -1 -1 -1 -1 -1 -1 -1 -1
-1 -1 -1 -1 -1 -1 -1 -1 -1 -1 -1
-1 -1 -1 -1 -1 -1 -1 -1 -1 -1 -1
-1 -1 -1 -1 -1 -1 -1 -1 -1 -1 -1
-1 -1 -1 -1 -1 -1 -1 -1 -1 -1 -1
-1 -1 -1 -1 -1 -1 -1 -1 -1 -1 -1
-1 -1 -1 -1 -1 -1 -1 -1 -1 -1 -1
9
118276
3 28 0 6
0 16 0 0
0 0 0 0 0 0 0 0 0 0 0
0 0 0 0 1 0 0 0 0 0 0
0 1 0 1 0 0 0 0 0 0 0
1 1 0 0 0 0 0 0 0 0 0
0 0 0 0 0 1 0 0 1 0 0
0 0 0 0 0 0 0 0 0 0 0
2 2 2 2 2 2 2 2 2 2 2
0 0 0 1 0 0 1 0 1 1 1
1 1 0 0 0 1 1 1 1 0 1
0 0 0 0 0 0 0 0 0 0 0
1 0 0 0 1 1 0 0 1 0 0
0 1 0 0 0 1 0 0 0 0 0
0 0 0 0 1 0 0 0 0 0 1
0 0 0 0 0 0 0 0 0 0 0
2 2 2 2 2 2 0 2 2 2 2
2 2 2 2 2 2 2 2 2 2 2
2 2 2 2 0 2 0 2 2 2 2
0 0 0 0 0 0 0 0 0 2 1
0 0 0 0 1 1 0 0 0 2 0
0 0 0 0 1 1 0 0 0 0 0
0 0 0 0 1 2 0 0 0 0 0
0 0 0 0 1 2 0 0 0 0 0
0 0 0 0 0 2 0 0 0 0 0
0 0 0 0 0 2 0 0 0 0 0
0 0 0 0 0 2 0 0 0 0 0
0 0 0 0 0 2 0 0 0 0 0
0 0 0 0 0 0 0 0 0 0 0
0 0 0 0 0 0 0 0 2 0 1
0 0 0 0 2 0 0 0 2 0 1
0 0 0 0 2 0 0 1 2 0 1
0 0 0 0 2 0 0 1 2 0 0
0 0 0 0 0 0 1 1 2 0 0
0 0 0 0 0 0 1 1 2 1 0
0 0 0 0 0 0 1 1 2 1 0
0 0 0 0 0 0 1 1 2 1 0
0 0 0 0 0 0 0 0 0 0 0
1 0 1 0 0 0 0 1 1 1 0
0 0 0 1 0 1 0 0 0 0 1
0 0 0 0 0 0 0 0 0 0 0
-1 -1 -1 -1 -1 -1 -1 -1 -1 -1 -1
-1 -1 -1 -1 -1 -1 -1 -1 -1 -1 -1
-1 -1 -1 -1 -1 -1 -1 -1 -1 -1 -1
-1 -1 -1 -1 -1 -1 -1 -1 -1 -1 -1
-1 -1 -1 -1 -1 -1 -1 -1 -1 -1 -1
-1 -1 -1 -1 -1 -1 -1 -1 -1 -1 -1
-1 -1 -1 -1 -1 -1 -1 -1 -1 -1 -1
-1 -1 -1 -1 -1 -1 -1 -1 -1 -1 -1
-1 -1 -1 -1 -1 -1 -1 -1 -1 -1 -1
-1 -1 -1 -1 -1 -1 -1 -1 -1 -1 -1
-1 -1 -1 -1 -1 -1 -1 -1 -1 -1 -1
-1 -1 -1 -1 -1 -1 -1 -1 -1 -1 -1
-1 -1 -1 -1 -1 -1 -1 -1 -1 -1 -1
-1 -1 -1 -1 -1 -1 -1 -1 -1 -1 -1
-1 -1 -1 -1 -1 -1 -1 -1 -1 -1 -1
-1 -1 -1 -1 -1 -1 -1 -1 -1 -1 -1
-1 -1 -1 -1 -1 -1 -1 -1 -1 -1 -1
-1 -1 -1 -1 -1 -1 -1 -1 -1 -1 -1
-1 -1 -1 -1 -1 -1 -1 -1 -1 -1 -1
-1 -1 -1 -1 -1 -1 -1 -1 -1 -1 -1
-1 -1 -1 -1 -1 -1 -1 -1 -1 -1 -1
-1 -1 -1 -1 -1 -1 -1 -1 -1 -1 -1
-1 -1 -1 -1 -1 -1 -1 -1 -1 -1 -1
-1 -1 -1 -1 -1 -1 -1 -1 -1 -1 -1
-1 -1 -1 -1 -1 -1 -1 -1 -1 -1 -1
-1 -1 -1 -1 -1 -1 -1 -1 -1 -1 -1
-1 -1 -1 -1 -1 -1 -1 -1 -1 -1 -1
-1 -1 -1 -1 -1 -1 -1 -1 -1 -1 -1
-1 -1 -1 -1 -1 -1 -1 -1 -1 -1 -1
-1 -1 -1 -1 -1 -1 -1 -1 -1 -1 -1
-1 -1 -1 -1 -1 -1 -1 -1 -1 -1 -1
-1 -1 -1 -1 -1 -1 -1 -1 -1 -1 -1
-1 -1 -1 -1 -1 -1 -1 -1 -1 -1 -1
-1 -1 -1 -1 -1 -1 -1 -1 -1 -1 -1
-1 -1 -1 -1 -1 -1 -1 -1 -1 -1 -1
-1 -1 -1 -1 -1 -1 -1 -1 -1 -1 -1
-1 -1 -1 -1 -1 -1 -1 -1 -1 -1 -1
-1 -1 -1 -1 -1 -1 -1 -1 -1 -1 -1
-1 -1 -1 -1 -1 -1 -1 -1 -1 -1 -1
-1 -1 -1 -1 -1 -1 -1 -1 -1 -1 -1
-1 -1 -1 -1 -1 -1 -1 -1 -1 -1 -1
-1 -1 -1 -1 -1 -1 -1 -1 -1 -1 -1
-1 -1 -1 -1 -1 -1 -1 -1 -1 -1 -1
-1 -1 -1 -1 -1 -1 -1 -1 -1 -1 -1
-1 -1 -1 -1 -1 -1 -1 -1 -1 -1 -1
-1 -1 -1 -1 -1 -1 -1 -1 -1 -1 -1
-1 -1 -1 -1 -1 -1 -1 -1 -1 -1 -1
-1 -1 -1 -1 -1 -1 -1 -1 -1 -1 -1
-1 -1 -1 -1 -1 -1 -1 -1 -1 -1 -1
-1 -1 -1 -1 -1 -1 -1 -1 -1 -1 -1
-1 -1 -1 -1 -1 -1 -1 -1 -1 -1 -1
-1 -1 -1 -1 -1 -1 -1 -1 -1 -1 -1
-1 -1 -1 -1 -1 -1 -1 -1 -1 -1 -1
-1 -1 -1 -1 -1 -1 -1 -1 -1 -1 -1
10
118206
4 35 1 7
0 17 0 1
0 0 0 0 0 0 0 0 0 0 0
0 0 0 0 1 0 0 0 0 0 0
0 1 0 1 0 0 0 0 0 0 0
1 1 0 0 0 0 0 0 0 0 0
0 0 0 0 0 1 0 0 1 0 0
0 0 0 0 0 0 0 0 0 0 0
2 2 2 2 2 2 2 2 2 2 2
0 0 0 1 0 0 1 0 1 1 1
1 1 0 0 0 1 1 1 1 0 1
0 0 0 0 0 0 0 0 0 0 0
1 0 0 0 1 1 0 0 1 0 0
0 1 0 0 0 1 0 0 0 0 0
0 0 0 0 1 0 0 0 0 0 1
0 0 0 0 0 0 0 0 0 0 0
2 2 2 2 2 2 0 2 2 2 2
2 2 2 2 2 2 2 2 2 2 2
2 2 2 2 0 2 0 2 2 2 2
0 0 0 0 0 0 0 0 0 2 1
0 0 0 0 1 1 0 0 0 2 0
0 0 0 0 1 1 0 0 0 0 0
0 0 0 0 1 2 0 0 0 0 0
0 0 0 0 1 2 0 0 0 0 0
0 0 0 0 0 2 0 0 0 0 0
0 0 0 0 0 2 0 0 0 0 0
0 0 0 0 0 2 0 0 0 0 0
0 0 0 0 0 2 0 0 0 0 0
0 0 0 0 0 0 0 0 0 0 0
0 0 0 0 0 0 0 0 2 0 1
0 0 0 0 2 0 0 0 2 0 1
0 0 0 0 2 0 0 1 2 0 1
0 0 0 0 2 0 0 1 2 0 0
0 0 0 0 0 0 1 1 2 0 0
0 0 0 0 0 0 1 1 2 1 0
0 0 0 0 0 0 1 1 2 1 0
0 0 0 0 0 0 1 1 2 1 0
0 0 0 0 0 0 0 0 0 0 0
1 0 1 0 0 0 0 1 1 1 0
0 0 0 1 0 1 0 0 0 0 1
0 0 0 0 0 0 0 0 0 0 0
2 2 2 2 2 2 2 2 2 2 2
2 2 2 2 2 2 2 2 2 2 2
1 0 0 0 0 1 0 0 1 1 1
0 0 0 0 0 0 0 0 0 0 0
2 2 0 0 2 2 2 0 0 2 2
0 2 2 2 0 2 0 2 2 2 0
2 2 0 2 2 2 2 2 0 2 2
-1 -1 -1 -1 -1 -1 -1 -1 -1 -1 -1
-1 -1 -1 -1 -1 -1 -1 -1 -1 -1 -1
-1 -1 -1 -1 -1 -1 -1 -1 -1 -1 -1
-1 -1 -1 -1 -1 -1 -1 -1 -1 -1 -1
-1 -1 -1 -1 -1 -1 -1 -1 -1 -1 -1
-1 -1 -1 -1 -1 -1 -1 -1 -1 -1 -1
-1 -1 -1 -1 -1 -1 -1 -1 -1 -1 -1
-1 -1 -1 -1 -1 -1 -1 -1 -1 -1 -1
-1 -1 -1 -1 -1 -1 -1 -1 -1 -1 -1
-1 -1 -1 -1 -1 -1 -1 -1 -1 -1 -1
-1 -1 -1 -1 -1 -1 -1 -1 -1 -1 -1
-1 -1 -1 -1 -1 -1 -1 -1 -1 -1 -1
-1 -1 -1 -1 -1 -1 -1 -1 -1 -1 -1
-1 -1 -1 -1 -1 -1 -1 -1 -1 -1 -1
-1 -1 -1 -1 -1 -1 -1 -1 -1 -1 -1
-1 -1 -1 -1 -1 -1 -1 -1 -1 -1 -1
-1 -1 -1 -1 -1 -1 -1 -1 -1 -1 -1
-1 -1 -1 -1 -1 -1 -1 -1 -1 -1 -1
-1 -1 -1 -1 -1 -1 -1 -1 -1 -1 -1
-1 -1 -1 -1 -1 -1 -1 -1 -1 -1 -1
-1 -1 -1 -1 -1 -1 -1 -1 -1 -1 -1
-1 -1 -1 -1 -1 -1 -1 -1 -1 -1 -1
-1 -1 -1 -1 -1 -1 -1 -1 -1 -1 -1
-1 -1 -1 -1 -1 -1 -1 -1 -1 -1 -1
-1 -1 -1 -1 -1 -1 -1 -1 -1 -1 -1
-1 -1 -1 -1 -1 -1 -1 -1 -1 -1 -1
-1 -1 -1 -1 -1 -1 -1 -1 -1 -1 -1
-1 -1 -1 -1 -1 -1 -1 -1 -1 -1 -1
-1 -1 -1 -1 -1 -1 -1 -1 -1 -1 -1
-1 -1 -1 -1 -1 -1 -1 -1 -1 -1 -1
-1 -1 -1 -1 -1 -1 -1 -1 -1 -1 -1
-1 -1 -1 -1 -1 -1 -1 -1 -1 -1 -1
-1 -1 -1 -1 -1 -1 -1 -1 -1 -1 -1
-1 -1 -1 -1 -1 -1 -1 -1 -1 -1 -1
-1 -1 -1 -1 -1 -1 -1 -1 -1 -1 -1
-1 -1 -1 -1 -1 -1 -1 -1 -1 -1 -1
-1 -1 -1 -1 -1 -1 -1 -1 -1 -1 -1
-1 -1 -1 -1 -1 -1 -1 -1 -1 -1 -1
-1 -1 -1 -1 -1 -1 -1 -1 -1 -1 -1
-1 -1 -1 -1 -1 -1 -1 -1 -1 -1 -1
-1 -1 -1 -1 -1 -1 -1 -1 -1 -1 -1
-1 -1 -1 -1 -1 -1 -1 -1 -1 -1 -1
-1 -1 -1 -1 -1 -1 -1 -1 -1 -1 -1
-1 -1 -1 -1 -1 -1 -1 -1 -1 -1 -1
-1 -1 -1 -1 -1 -1 -1 -1 -1 -1 -1
-1 -1 -1 -1 -1 -1 -1 -1 -1 -1 -1
-1 -1 -1 -1 -1 -1 -1 -1 -1 -1 -1
11
118040
4 42 0 7
0 19 0 2
0 0 0 0 0 0 0 0 0 0 0
0 0 0 0 1 0 0 0 0 0 0
0 1 0 1 0 0 0 0 0 0 0
1 1 0 0 0 0 0 0 0 0 0
0 0 0 0 0 1 0 0 1 0 0
0 0 0 0 0 0 0 0 0 0 0
2 2 2 2 2 2 2 2 2 2 2
0 0 0 1 0 0 1 0 1 1 1
1 1 0 0 0 1 1 1 1 0 1
0 0 0 0 0 0 0 0 0 0 0
1 0 0 0 1 1 0 0 1 0 0
0 1 0 0 0 1 0 0 0 0 0
0 0 0 0 1 0 0 0 0 0 1
0 0 0 0 0 0 0 0 0 0 0
2 2 2 2 2 2 0 2 2 2 2
2 2 2 2 2 2 2 2 2 2 2
2 2 2 2 0 2 0 2 2 2 2
0 0 0 0 0 0 0 0 0 2 1
0 0 0 0 1 1 0 0 0 2 0
0 0 0 0 1 1 0 0 0 0 0
0 0 0 0 1 2 0 0 0 0 0
0 0 0 0 1 2 0 0 0 0 0
0 0 0 0 0 2 0 0 0 0 0
0 0 0 0 0 2 0 0 0 0 0
0 0 0 0 0 2 0 0 0 0 0
0 0 0 0 0 2 0 0 0 0 0
0 0 0 0 0 0 0 0 0 0 0
0 0 0 0 0 0 0 0 2 0 1
0 0 0 0 2 0 0 0 2 0 1
0 0 0 0 2 0 0 1 2 0 1
0 0 0 0 2 0 0 1 2 0 0
0 0 0 0 0 0 1 1 2 0 0
0 0 0 0 0 0 1 1 2 1 0
0 0 0 0 0 0 1 1 2 1 0
0 0 0 0 0 0 1 1 2 1 0
0 0 0 0 0 0 0 0 0 0 0
1 0 1 0 0 0 0 1 1 1 0
0 0 0 1 0 1 0 0 0 0 1
0 0 0 0 0 0 0 0 0 0 0
2 2 2 2 2 2 2 2 2 2 2
2 2 2 2 2 2 2 2 2 2 2
1 0 0 0 0 1 0 0 1 1 1
0 0 0 0 0 0 0 0 0 0 0
2 2 0 0 2 2 2 0 0 2 2
0 2 2 2 0 2 0 2 2 2 0
2 2 0 2 2 2 2 2 0 2 2
2 2 2 2 2 2 2 2 2 2 2
0 0 1 1 1 1 1 1 1 0 0
0 0 0 0 0 0 0 0 0 0 0
0 0 1 1 1 1 1 1 1 1 1
0 0 0 0 0 0 0 0 0 0 0
1 1 1 0 0 0 0 0 0 0 2
1 1 0 0 0 0 0 0 0 0 2
-1 -1 -1 -1 -1 -1 -1 -1 -1 -1 -1
-1 -1 -1 -1 -1 -1 -1 -1 -1 -1 -1
-1 -1 -1 -1 -1 -1 -1 -1 -1 -1 -1
-1 -1 -1 -1 -1 -1 -1 -1 -1 -1 -1
-1 -1 -1 -1 -1 -1 -1 -1 -1 -1 -1
-1 -1 -1 -1 -1 -1 -1 -1 -1 -1 -1
-1 -1 -1 -1 -1 -1 -1 -1 -1 -1 -1
-1 -1 -1 -1 -1 -1 -1 -1 -1 -1 -1
-1 -1 -1 -1 -1 -1 -1 -1 -1 -1 -1
-1 -1 -1 -1 -1 -1 -1 -1 -1 -1 -1
-1 -1 -1 -1 -1 -1 -1 -1 -1 -1 -1
-1 -1 -1 -1 -1 -1 -1 -1 -1 -1 -1
-1 -1 -1 -1 -1 -1 -1 -1 -1 -1 -1
-1 -1 -1 -1 -1 -1 -1 -1 -1 -1 -1
-1 -1 -1 -1 -1 -1 -1 -1 -1 -1 -1
-1 -1 -1 -1 -1 -1 -1 -1 -1 -1 -1
-1 -1 -1 -1 -1 -1 -1 -1 -1 -1 -1
-1 -1 -1 -1 -1 -1 -1 -1 -1 -1 -1
-1 -1 -1 -1 -1 -1 -1 -1 -1 -1 -1
-1 -1 -1 -1 -1 -1 -1 -1 -1 -1 -1
-1 -1 -1 -1 -1 -1 -1 -1 -1 -1 -1
-1 -1 -1 -1 -1 -1 -1 -1 -1 -1 -1
-1 -1 -1 -1 -1 -1 -1 -1 -1 -1 -1
-1 -1 -1 -1 -1 -1 -1 -1 -1 -1 -1
-1 -1 -1 -1 -1 -1 -1 -1 -1 -1 -1
-1 -1 -1 -1 -1 -1 -1 -1 -1 -1 -1
-1 -1 -1 -1 -1 -1 -1 -1 -1 -1 -1
-1 -1 -1 -1 -1 -1 -1 -1 -1 -1 -1
-1 -1 -1 -1 -1 -1 -1 -1 -1 -1 -1
-1 -1 -1 -1 -1 -1 -1 -1 -1 -1 -1
-1 -1 -1 -1 -1 -1 -1 -1 -1 -1 -1
-1 -1 -1 -1 -1 -1 -1 -1 -1 -1 -1
-1 -1 -1 -1 -1 -1 -1 -1 -1 -1 -1
-1 -1 -1 -1 -1 -1 -1 -1 -1 -1 -1
-1 -1 -1 -1 -1 -1 -1 -1 -1 -1 -1
-1 -1 -1 -1 -1 -1 -1 -1 -1 -1 -1
-1 -1 -1 -1 -1 -1 -1 -1 -1 -1 -1
-1 -1 -1 -1 -1 -1 -1 -1 -1 -1 -1
-1 -1 -1 -1 -1 -1 -1 -1 -1 -1 -1
-1 -1 -1 -1 -1 -1 -1 -1 -1 -1 -1
12
117882
4 42 0 0
1 21 1 2
0 0 0 0 0 0 0 0 0 0 0
0 0 0 0 1 0 0 0 0 0 0
0 1 0 1 0 0 0 0 0 0 0
1 1 0 0 0 0 0 0 0 0 0
0 0 0 0 0 1 0 0 1 0 0
0 0 0 0 0 0 0 0 0 0 0
2 2 2 2 2 2 2 2 2 2 2
0 0 0 1 0 0 1 0 1 1 1
1 1 0 0 0 1 1 1 1 0 1
0 0 0 0 0 0 0 0 0 0 0
1 0 0 0 1 1 0 0 1 0 0
0 1 0 0 0 1 0 0 0 0 0
0 0 0 0 1 0 0 0 0 0 1
0 0 0 0 0 0 0 0 0 0 0
2 2 2 2 2 2 0 2 2 2 2
2 2 2 2 2 2 2 2 2 2 2
2 2 2 2 0 2 0 2 2 2 2
0 0 0 0 0 0 0 0 0 2 1
0 0 0 0 1 1 0 0 0 2 0
0 0 0 0 1 1 0 0 0 0 0
0 0 0 0 1 2 0 0 0 0 0
0 0 0 0 1 2 0 0 0 0 0
0 0 0 0 0 2 0 0 0 0 0
0 0 0 0 0 2 0 0 0 0 0
0 0 0 0 0 2 0 0 0 0 0
0 0 0 0 0 2 0 0 0 0 0
0 0 0 0 0 0 0 0 0 0 0
0 0 0 0 0 0 0 0 2 0 1
0 0 0 0 2 0 0 0 2 0 1
0 0 0 0 2 0 0 1 2 0 1
0 0 0 0 2 0 0 1 2 0 0
0 0 0 0 0 0 1 1 2 0 0
0 0 0 0 0 0 1 1 2 1 0
0 0 0 0 0 0 1 1 2 1 0
0 0 0 0 0 0 1 1 2 1 0
0 0 0 0 0 0 0 0 0 0 0
1 0 1 0 0 0 0 1 1 1 0
0 0 0 1 0 1 0 0 0 0 1
0 0 0 0 0 0 0 0 0 0 0
2 2 2 2 2 2 2 2 2 2 2
2 2 2 2 2 2 2 2 2 2 2
1 0 0 0 0 1 0 0 1 1 1
0 0 0 0 0 0 0 0 0 0 0
2 2 0 0 2 2 2 0 0 2 2
0 2 2 2 0 2 0 2 2 2 0
2 2 0 2 2 2 2 2 0 2 2
2 2 2 2 2 2 2 2 2 2 2
0 0 1 1 1 1 1 1 1 0 0
0 0 0 0 0 0 0 0 0 0 0
0 0 1 1 1 1 1 1 1 1 1
0 0 0 0 0 0 0 0 0 0 0
1 1 1 0 0 0 0 0 0 0 2
1 1 0 0 0 0 0 0 0 0 2
-1 -1 -1 -1 -1 -1 -1 -1 -1 -1 -1
-1 -1 -1 -1 -1 -1 -1 -1 -1 -1 -1
-1 -1 -1 -1 -1 -1 -1 -1 -1 -1 -1
-1 -1 -1 -1 -1 -1 -1 -1 -1 -1 -1
-1 -1 -1 -1 -1 -1 -1 -1 -1 -1 -1
-1 -1 -1 -1 -1 -1 -1 -1 -1 -1 -1
-1 -1 -1 -1 -1 -1 -1 -1 -1 -1 -1
-1 -1 -1 -1 -1 -1 -1 -1 -1 -1 -1
-1 -1 -1 -1 -1 -1 -1 -1 -1 -1 -1
-1 -1 -1 -1 -1 -1 -1 -1 -1 -1 -1
-1 -1 -1 -1 -1 -1 -1 -1 -1 -1 -1
-1 -1 -1 -1 -1 -1 -1 -1 -1 -1 -1
-1 -1 -1 -1 -1 -1 -1 -1 -1 -1 -1
-1 -1 -1 -1 -1 -1 -1 -1 -1 -1 -1
-1 -1 -1 -1 -1 -1 -1 -1 -1 -1 -1
-1 -1 -1 -1 -1 -1 -1 -1 -1 -1 -1
-1 -1 -1 -1 -1 -1 -1 -1 -1 -1 -1
-1 -1 -1 -1 -1 -1 -1 -1 -1 -1 -1
-1 -1 -1 -1 -1 -1 -1 -1 -1 -1 -1
-1 -1 -1 -1 -1 -1 -1 -1 -1 -1 -1
-1 -1 -1 -1 -1 -1 -1 -1 -1 -1 -1
-1 -1 -1 -1 -1 -1 -1 -1 -1 -1 -1
-1 -1 -1 -1 -1 -1 -1 -1 -1 -1 -1
-1 -1 -1 -1 -1 -1 -1 -1 -1 -1 -1
-1 -1 -1 -1 -1 -1 -1 -1 -1 -1 -1
-1 -1 -1 -1 -1 -1 -1 -1 -1 -1 -1
-1 -1 -1 -1 -1 -1 -1 -1 -1 -1 -1
-1 -1 -1 -1 -1 -1 -1 -1 -1 -1 -1
-1 -1 -1 -1 -1 -1 -1 -1 -1 -1 -1
-1 -1 -1 -1 -1 -1 -1 -1 -1 -1 -1
-1 -1 -1 -1 -1 -1 -1 -1 -1 -1 -1
-1 -1 -1 -1 -1 -1 -1 -1 -1 -1 -1
-1 -1 -1 -1 -1 -1 -1 -1 -1 -1 -1
-1 -1 -1 -1 -1 -1 -1 -1 -1 -1 -1
-1 -1 -1 -1 -1 -1 -1 -1 -1 -1 -1
-1 -1 -1 -1 -1 -1 -1 -1 -1 -1 -1
-1 -1 -1 -1 -1 -1 -1 -1 -1 -1 -1
-1 -1 -1 -1 -1 -1 -1 -1 -1 -1 -1
-1 -1 -1 -1 -1 -1 -1 -1 -1 -1 -1
-1 -1 -1 -1 -1 -1 -1 -1 -1 -1 -1
13
117396
3 43 -1 1
2 23 1 2
0 0 0 0 0 0 0 0 0 0 0
0 0 0 0 1 0 0 0 0 0 0
0 1 0 1 0 0 0 0 0 0 0
1 1 0 0 0 0 0 0 0 0 0
0 0 0 0 0 1 0 0 1 0 0
0 0 0 0 0 0 0 0 0 0 0
2 2 2 2 2 2 2 2 2 2 2
0 0 0 1 0 0 1 0 1 1 1
1 1 0 0 0 1 1 1 1 0 1
0 0 0 0 0 0 0 0 0 0 0
1 0 0 0 1 1 0 0 1 0 0
0 1 0 0 0 1 0 0 0 0 0
0 0 0 0 1 0 0 0 0 0 1
0 0 0 0 0 0 0 0 0 0 0
2 2 2 2 2 2 0 2 2 2 2
2 2 2 2 2 2 2 2 2 2 2
2 2 2 2 0 2 0 2 2 2 2
0 0 0 0 0 0 0 0 0 2 1
0 0 0 0 1 1 0 0 0 2 0
0 0 0 0 1 1 0 0 0 0 0
0 0 0 0 1 2 0 0 0 0 0
0 0 0 0 1 2 0 0 0 0 0
0 0 0 0 0 2 0 0 0 0 0
0 0 0 0 0 2 0 0 0 0 0
0 0 0 0 0 2 0 0 0 0 0
0 0 0 0 0 2 0 0 0 0 0
0 0 0 0 0 0 0 0 0 0 0
0 0 0 0 0 0 0 0 2 0 1
0 0 0 0 2 0 0 0 2 0 1
0 0 0 0 2 0 0 1 2 0 1
0 0 0 0 2 0 0 1 2 0 0
0 0 0 0 0 0 1 1 2 0 0
0 0 0 0 0 0 1 1 2 1 0
0 0 0 0 0 0 1 1 2 1 0
0 0 0 0 0 0 1 1 2 1 0
0 0 0 0 0 0 0 0 0 0 0
1 0 1 0 0 0 0 1 1 1 0
0 0 0 1 0 1 0 0 0 0 1
0 0 0 0 0 0 0 0 0 0 0
2 2 2 2 2 2 2 2 2 2 2
2 2 2 2 2 2 2 2 2 2 2
1 0 0 0 0 1 0 0 1 1 1
0 0 0 0 0 0 0 0 0 0 0
2 2 0 0 2 2 2 0 0 2 2
0 2 2 2 0 2 0 2 2 2 0
2 2 0 2 2 2 2 2 0 2 2
2 2 2 2 2 2 2 2 2 2 2
0 0 1 1 1 1 1 1 1 0 0
0 0 0 0 0 0 0 0 0 0 0
0 0 1 1 1 1 1 1 1 1 1
0 0 0 0 0 0 0 0 0 0 0
1 1 1 0 0 0 0 0 0 0 2
1 1 0 0 0 0 0 0 0 0 2
1 2 0 0 0 0 0 0 0 0 0
-1 -1 -1 -1 -1 -1 -1 -1 -1 -1 -1
-1 -1 -1 -1 -1 -1 -1 -1 -1 -1 -1
-1 -1 -1 -1 -1 -1 -1 -1 -1 -1 -1
-1 -1 -1 -1 -1 -1 -1 -1 -1 -1 -1
-1 -1 -1 -1 -1 -1 -1 -1 -1 -1 -1
-1 -1 -1 -1 -1 -1 -1 -1 -1 -1 -1
-1 -1 -1 -1 -1 -1 -1 -1 -1 -1 -1
-1 -1 -1 -1 -1 -1 -1 -1 -1 -1 -1
-1 -1 -1 -1 -1 -1 -1 -1 -1 -1 -1
-1 -1 -1 -1 -1 -1 -1 -1 -1 -1 -1
-1 -1 -1 -1 -1 -1 -1 -1 -1 -1 -1
-1 -1 -1 -1 -1 -1 -1 -1 -1 -1 -1
-1 -1 -1 -1 -1 -1 -1 -1 -1 -1 -1
-1 -1 -1 -1 -1 -1 -1 -1 -1 -1 -1
-1 -1 -1 -1 -1 -1 -1 -1 -1 -1 -1
-1 -1 -1 -1 -1 -1 -1 -1 -1 -1 -1
-1 -1 -1 -1 -1 -1 -1 -1 -1 -1 -1
-1 -1 -1 -1 -1 -1 -1 -1 -1 -1 -1
-1 -1 -1 -1 -1 -1 -1 -1 -1 -1 -1
-1 -1 -1 -1 -1 -1 -1 -1 -1 -1 -1
-1 -1 -1 -1 -1 -1 -1 -1 -1 -1 -1
-1 -1 -1 -1 -1 -1 -1 -1 -1 -1 -1
-1 -1 -1 -1 -1 -1 -1 -1 -1 -1 -1
-1 -1 -1 -1 -1 -1 -1 -1 -1 -1 -1
-1 -1 -1 -1 -1 -1 -1 -1 -1 -1 -1
-1 -1 -1 -1 -1 -1 -1 -1 -1 -1 -1
-1 -1 -1 -1 -1 -1 -1 -1 -1 -1 -1
-1 -1 -1 -1 -1 -1 -1 -1 -1 -1 -1
-1 -1 -1 -1 -1 -1 -1 -1 -1 -1 -1
-1 -1 -1 -1 -1 -1 -1 -1 -1 -1 -1
-1 -1 -1 -1 -1 -1 -1 -1 -1 -1 -1
-1 -1 -1 -1 -1 -1 -1 -1 -1 -1 -1
-1 -1 -1 -1 -1 -1 -1 -1 -1 -1 -1
-1 -1 -1 -1 -1 -1 -1 -1 -1 -1 -1
-1 -1 -1 -1 -1 -1 -1 -1 -1 -1 -1
-1 -1 -1 -1 -1 -1 -1 -1 -1 -1 -1
-1 -1 -1 -1 -1 -1 -1 -1 -1 -1 -1
-1 -1 -1 -1 -1 -1 -1 -1 -1 -1 -1
-1 -1 -1 -1 -1 -1 -1 -1 -1 -1 -1
14
116886
2 45 -1 2
4 25 2 2
0 0 0 0 0 0 0 0 0 0 0
0 0 0 0 1 0 0 0 0 0 0
0 1 0 1 0 0 0 0 0 0 0
1 1 0 0 0 0 0 0 0 0 0
0 0 0 0 0 1 0 0 1 0 0
0 0 0 0 0 0 0 0 0 0 0
2 2 2 2 2 2 2 2 2 2 2
0 0 0 1 0 0 1 0 1 1 1
1 1 0 0 0 1 1 1 1 0 1
0 0 0 0 0 0 0 0 0 0 0
1 0 0 0 1 1 0 0 1 0 0
0 1 0 0 0 1 0 0 0 0 0
0 0 0 0 1 0 0 0 0 0 1
0 0 0 0 0 0 0 0 0 0 0
2 2 2 2 2 2 0 2 2 2 2
2 2 2 2 2 2 2 2 2 2 2
2 2 2 2 0 2 0 2 2 2 2
0 0 0 0 0 0 0 0 0 2 1
0 0 0 0 1 1 0 0 0 2 0
0 0 0 0 1 1 0 0 0 0 0
0 0 0 0 1 2 0 0 0 0 0
0 0 0 0 1 2 0 0 0 0 0
0 0 0 0 0 2 0 0 0 0 0
0 0 0 0 0 2 0 0 0 0 0
0 0 0 0 0 2 0 0 0 0 0
0 0 0 0 0 2 0 0 0 0 0
0 0 0 0 0 0 0 0 0 0 0
0 0 0 0 0 0 0 0 2 0 1
0 0 0 0 2 0 0 0 2 0 1
0 0 0 0 2 0 0 1 2 0 1
0 0 0 0 2 0 0 1 2 0 0
0 0 0 0 0 0 1 1 2 0 0
0 0 0 0 0 0 1 1 2 1 0
0 0 0 0 0 0 1 1 2 1 0
0 0 0 0 0 0 1 1 2 1 0
0 0 0 0 0 0 0 0 0 0 0
1 0 1 0 0 0 0 1 1 1 0
0 0 0 1 0 1 0 0 0 0 1
0 0 0 0 0 0 0 0 0 0 0
2 2 2 2 2 2 2 2 2 2 2
2 2 2 2 2 2 2 2 2 2 2
1 0 0 0 0 1 0 0 1 1 1
0 0 0 0 0 0 0 0 0 0 0
2 2 0 0 2 2 2 0 0 2 2
0 2 2 2 0 2 0 2 2 2 0
2 2 0 2 2 2 2 2 0 2 2
2 2 2 2 2 2 2 2 2 2 2
0 0 1 1 1 1 1 1 1 0 0
0 0 0 0 0 0 0 0 0 0 0
0 0 1 1 1 1 1 1 1 1 1
0 0 0 0 0 0 0 0 0 0 0
1 1 1 0 0 0 0 0 0 0 2
1 1 0 0 0 0 0 0 0 0 2
1 2 0 0 0 0 0 0 0 0 0
0 2 0 0 0 0 0 1 1 1 1
0 0 1 0 0 0 2 1 1 1 1
-1 -1 -1 -1 -1 -1 -1 -1 -1 -1 -1
-1 -1 -1 -1 -1 -1 -1 -1 -1 -1 -1
-1 -1 -1 -1 -1 -1 -1 -1 -1 -1 -1
-1 -1 -1 -1 -1 -1 -1 -1 -1 -1 -1
-1 -1 -1 -1 -1 -1 -1 -1 -1 -1 -1
-1 -1 -1 -1 -1 -1 -1 -1 -1 -1 -1
-1 -1 -1 -1 -1 -1 -1 -1 -1 -1 -1
-1 -1 -1 -1 -1 -1 -1 -1 -1 -1 -1
-1 -1 -1 -1 -1 -1 -1 -1 -1 -1 -1
-1 -1 -1 -1 -1 -1 -1 -1 -1 -1 -1
-1 -1 -1 -1 -1 -1 -1 -1 -1 -1 -1
-1 -1 -1 -1 -1 -1 -1 -1 -1 -1 -1
-1 -1 -1 -1 -1 -1 -1 -1 -1 -1 -1
-1 -1 -1 -1 -1 -1 -1 -1 -1 -1 -1
-1 -1 -1 -1 -1 -1 -1 -1 -1 -1 -1
-1 -1 -1 -1 -1 -1 -1 -1 -1 -1 -1
-1 -1 -1 -1 -1 -1 -1 -1 -1 -1 -1
-1 -1 -1 -1 -1 -1 -1 -1 -1 -1 -1
-1 -1 -1 -1 -1 -1 -1 -1 -1 -1 -1
-1 -1 -1 -1 -1 -1 -1 -1 -1 -1 -1
-1 -1 -1 -1 -1 -1 -1 -1 -1 -1 -1
-1 -1 -1 -1 -1 -1 -1 -1 -1 -1 -1
-1 -1 -1 -1 -1 -1 -1 -1 -1 -1 -1
-1 -1 -1 -1 -1 -1 -1 -1 -1 -1 -1
-1 -1 -1 -1 -1 -1 -1 -1 -1 -1 -1
-1 -1 -1 -1 -1 -1 -1 -1 -1 -1 -1
-1 -1 -1 -1 -1 -1 -1 -1 -1 -1 -1
-1 -1 -1 -1 -1 -1 -1 -1 -1 -1 -1
-1 -1 -1 -1 -1 -1 -1 -1 -1 -1 -1
-1 -1 -1 -1 -1 -1 -1 -1 -1 -1 -1
-1 -1 -1 -1 -1 -1 -1 -1 -1 -1 -1
-1 -1 -1 -1 -1 -1 -1 -1 -1 -1 -1
-1 -1 -1 -1 -1 -1 -1 -1 -1 -1 -1
-1 -1 -1 -1 -1 -1 -1 -1 -1 -1 -1
-1 -1 -1 -1 -1 -1 -1 -1 -1 -1 -1
-1 -1 -1 -1 -1 -1 -1 -1 -1 -1 -1
-1 -1 -1 -1 -1 -1 -1 -1 -1 -1 -1
15
116790
1 47 -1 2
5 28 1 3
0 0 0 0 0 0 0 0 0 0 0
0 0 0 0 1 0 0 0 0 0 0
0 1 0 1 0 0 0 0 0 0 0
1 1 0 0 0 0 0 0 0 0 0
0 0 0 0 0 1 0 0 1 0 0
0 0 0 0 0 0 0 0 0 0 0
2 2 2 2 2 2 2 2 2 2 2
0 0 0 1 0 0 1 0 1 1 1
1 1 0 0 0 1 1 1 1 0 1
0 0 0 0 0 0 0 0 0 0 0
1 0 0 0 1 1 0 0 1 0 0
0 1 0 0 0 1 0 0 0 0 0
0 0 0 0 1 0 0 0 0 0 1
0 0 0 0 0 0 0 0 0 0 0
2 2 2 2 2 2 0 2 2 2 2
2 2 2 2 2 2 2 2 2 2 2
2 2 2 2 0 2 0 2 2 2 2
0 0 0 0 0 0 0 0 0 2 1
0 0 0 0 1 1 0 0 0 2 0
0 0 0 0 1 1 0 0 0 0 0
0 0 0 0 1 2 0 0 0 0 0
0 0 0 0 1 2 0 0 0 0 0
0 0 0 0 0 2 0 0 0 0 0
0 0 0 0 0 2 0 0 0 0 0
0 0 0 0 0 2 0 0 0 0 0
0 0 0 0 0 2 0 0 0 0 0
0 0 0 0 0 0 0 0 0 0 0
0 0 0 0 0 0 0 0 2 0 1
0 0 0 0 2 0 0 0 2 0 1
0 0 0 0 2 0 0 1 2 0 1
0 0 0 0 2 0 0 1 2 0 0
0 0 0 0 0 0 1 1 2 0 0
0 0 0 0 0 0 1 1 2 1 0
0 0 0 0 0 0 1 1 2 1 0
0 0 0 0 0 0 1 1 2 1 0
0 0 0 0 0 0 0 0 0 0 0
1 0 1 0 0 0 0 1 1 1 0
0 0 0 1 0 1 0 0 0 0 1
0 0 0 0 0 0 0 0 0 0 0
2 2 2 2 2 2 2 2 2 2 2
2 2 2 2 2 2 2 2 2 2 2
1 0 0 0 0 1 0 0 1 1 1
0 0 0 0 0 0 0 0 0 0 0
2 2 0 0 2 2 2 0 0 2 2
0 2 2 2 0 2 0 2 2 2 0
2 2 0 2 2 2 2 2 0 2 2
2 2 2 2 2 2 2 2 2 2 2
0 0 1 1 1 1 1 1 1 0 0
0 0 0 0 0 0 0 0 0 0 0
0 0 1 1 1 1 1 1 1 1 1
0 0 0 0 0 0 0 0 0 0 0
1 1 1 0 0 0 0 0 0 0 2
1 1 0 0 0 0 0 0 0 0 2
1 2 0 0 0 0 0 0 0 0 0
0 2 0 0 0 0 0 1 1 1 1
0 0 1 0 0 0 2 1 1 1 1
2 0 1 0 0 0 2 0 0 1 0
2 1 1 1 0 0 2 0 0 0 0
-1 -1 -1 -1 -1 -1 -1 -1 -1 -1 -1
-1 -1 -1 -1 -1 -1 -1 -1 -1 -1 -1
-1 -1 -1 -1 -1 -1 -1 -1 -1 -1 -1
-1 -1 -1 -1 -1 -1 -1 -1 -1 -1 -1
-1 -1 -1 -1 -1 -1 -1 -1 -1 -1 -1
-1 -1 -1 -1 -1 -1 -1 -1 -1 -1 -1
-1 -1 -1 -1 -1 -1 -1 -1 -1 -1 -1
-1 -1 -1 -1 -1 -1 -1 -1 -1 -1 -1
-1 -1 -1 -1 -1 -1 -1 -1 -1 -1 -1
-1 -1 -1 -1 -1 -1 -1 -1 -1 -1 -1
-1 -1 -1 -1 -1 -1 -1 -1 -1 -1 -1
-1 -1 -1 -1 -1 -1 -1 -1 -1 -1 -1
-1 -1 -1 -1 -1 -1 -1 -1 -1 -1 -1
-1 -1 -1 -1 -1 -1 -1 -1 -1 -1 -1
-1 -1 -1 -1 -1 -1 -1 -1 -1 -1 -1
-1 -1 -1 -1 -1 -1 -1 -1 -1 -1 -1
-1 -1 -1 -1 -1 -1 -1 -1 -1 -1 -1
-1 -1 -1 -1 -1 -1 -1 -1 -1 -1 -1
-1 -1 -1 -1 -1 -1 -1 -1 -1 -1 -1
-1 -1 -1 -1 -1 -1 -1 -1 -1 -1 -1
-1 -1 -1 -1 -1 -1 -1 -1 -1 -1 -1
-1 -1 -1 -1 -1 -1 -1 -1 -1 -1 -1
-1 -1 -1 -1 -1 -1 -1 -1 -1 -1 -1
-1 -1 -1 -1 -1 -1 -1 -1 -1 -1 -1
-1 -1 -1 -1 -1 -1 -1 -1 -1 -1 -1
-1 -1 -1 -1 -1 -1 -1 -1 -1 -1 -1
-1 -1 -1 -1 -1 -1 -1 -1 -1 -1 -1
-1 -1 -1 -1 -1 -1 -1 -1 -1 -1 -1
-1 -1 -1 -1 -1 -1 -1 -1 -1 -1 -1
-1 -1 -1 -1 -1 -1 -1 -1 -1 -1 -1
-1 -1 -1 -1 -1 -1 -1 -1 -1 -1 -1
-1 -1 -1 -1 -1 -1 -1 -1 -1 -1 -1
-1 -1 -1 -1 -1 -1 -1 -1 -1 -1 -1
-1 -1 -1 -1 -1 -1 -1 -1 -1 -1 -1
-1 -1 -1 -1 -1 -1 -1 -1 -1 -1 -1
16
116752
1 50 0 3
5 32 0 4
0 0 0 0 0 0 0 0 0 0 0
0 0 0 0 1 0 0 0 0 0 0
0 1 0 1 0 0 0 0 0 0 0
1 1 0 0 0 0 0 0 0 0 0
0 0 0 0 0 1 0 0 1 0 0
0 0 0 0 0 0 0 0 0 0 0
2 2 2 2 2 2 2 2 2 2 2
0 0 0 1 0 0 1 0 1 1 1
1 1 0 0 0 1 1 1 1 0 1
0 0 0 0 0 0 0 0 0 0 0
1 0 0 0 1 1 0 0 1 0 0
0 1 0 0 0 1 0 0 0 0 0
0 0 0 0 1 0 0 0 0 0 1
0 0 0 0 0 0 0 0 0 0 0
2 2 2 2 2 2 0 2 2 2 2
2 2 2 2 2 2 2 2 2 2 2
2 2 2 2 0 2 0 2 2 2 2
0 0 0 0 0 0 0 0 0 2 1
0 0 0 0 1 1 0 0 0 2 0
0 0 0 0 1 1 0 0 0 0 0
0 0 0 0 1 2 0 0 0 0 0
0 0 0 0 1 2 0 0 0 0 0
0 0 0 0 0 2 0 0 0 0 0
0 0 0 0 0 2 0 0 0 0 0
0 0 0 0 0 2 0 0 0 0 0
0 0 0 0 0 2 0 0 0 0 0
0 0 0 0 0 0 0 0 0 0 0
0 0 0 0 0 0 0 0 2 0 1
0 0 0 0 2 0 0 0 2 0 1
0 0 0 0 2 0 0 1 2 0 1
0 0 0 0 2 0 0 1 2 0 0
0 0 0 0 0 0 1 1 2 0 0
0 0 0 0 0 0 1 1 2 1 0
0 0 0 0 0 0 1 1 2 1 0
0 0 0 0 0 0 1 1 2 1 0
0 0 0 0 0 0 0 0 0 0 0
1 0 1 0 0 0 0 1 1 1 0
0 0 0 1 0 1 0 0 0 0 1
0 0 0 0 0 0 0 0 0 0 0
2 2 2 2 2 2 2 2 2 2 2
2 2 2 2 2 2 2 2 2 2 2
1 0 0 0 0 1 0 0 1 1 1
0 0 0 0 0 0 0 0 0 0 0
2 2 0 0 2 2 2 0 0 2 2
0 2 2 2 0 2 0 2 2 2 0
2 2 0 2 2 2 2 2 0 2 2
2 2 2 2 2 2 2 2 2 2 2
0 0 1 1 1 1 1 1 1 0 0
0 0 0 0 0 0 0 0 0 0 0
0 0 1 1 1 1 1 1 1 1 1
0 0 0 0 0 0 0 0 0 0 0
1 1 1 0 0 0 0 0 0 0 2
1 1 0 0 0 0 0 0 0 0 2
1 2 0 0 0 0 0 0 0 0 0
0 2 0 0 0 0 0 1 1 1 1
0 0 1 0 0 0 2 1 1 1 1
2 0 1 0 0 0 2 0 0 1 0
2 1 1 1 0 0 2 0 0 0 0
0 0 1 0 1 1 2 0 0 0 0
0 0 0 0 0 0 0 0 0 0 0
0 0 0 0 0 0 0 0 0 0 0
-1 -1 -1 -1 -1 -1 -1 -1 -1 -1 -1
-1 -1 -1 -1 -1 -1 -1 -1 -1 -1 -1
-1 -1 -1 -1 -1 -1 -1 -1 -1 -1 -1
-1 -1 -1 -1 -1 -1 -1 -1 -1 -1 -1
-1 -1 -1 -1 -1 -1 -1 -1 -1 -1 -1
-1 -1 -1 -1 -1 -1 -1 -1 -1 -1 -1
-1 -1 -1 -1 -1 -1 -1 -1 -1 -1 -1
-1 -1 -1 -1 -1 -1 -1 -1 -1 -1 -1
-1 -1 -1 -1 -1 -1 -1 -1 -1 -1 -1
-1 -1 -1 -1 -1 -1 -1 -1 -1 -1 -1
-1 -1 -1 -1 -1 -1 -1 -1 -1 -1 -1
-1 -1 -1 -1 -1 -1 -1 -1 -1 -1 -1
-1 -1 -1 -1 -1 -1 -1 -1 -1 -1 -1
-1 -1 -1 -1 -1 -1 -1 -1 -1 -1 -1
-1 -1 -1 -1 -1 -1 -1 -1 -1 -1 -1
-1 -1 -1 -1 -1 -1 -1 -1 -1 -1 -1
-1 -1 -1 -1 -1 -1 -1 -1 -1 -1 -1
-1 -1 -1 -1 -1 -1 -1 -1 -1 -1 -1
-1 -1 -1 -1 -1 -1 -1 -1 -1 -1 -1
-1 -1 -1 -1 -1 -1 -1 -1 -1 -1 -1
-1 -1 -1 -1 -1 -1 -1 -1 -1 -1 -1
-1 -1 -1 -1 -1 -1 -1 -1 -1 -1 -1
-1 -1 -1 -1 -1 -1 -1 -1 -1 -1 -1
-1 -1 -1 -1 -1 -1 -1 -1 -1 -1 -1
-1 -1 -1 -1 -1 -1 -1 -1 -1 -1 -1
-1 -1 -1 -1 -1 -1 -1 -1 -1 -1 -1
-1 -1 -1 -1 -1 -1 -1 -1 -1 -1 -1
-1 -1 -1 -1 -1 -1 -1 -1 -1 -1 -1
-1 -1 -1 -1 -1 -1 -1 -1 -1 -1 -1
-1 -1 -1 -1 -1 -1 -1 -1 -1 -1 -1
-1 -1 -1 -1 -1 -1 -1 -1 -1 -1 -1
-1 -1 -1 -1 -1 -1 -1 -1 -1 -1 -1
17
116706
1 50 0 0
4 37 -1 5
0 0 0 0 0 0 0 0 0 0 0
0 0 0 0 1 0 0 0 0 0 0
0 1 0 1 0 0 0 0 0 0 0
1 1 0 0 0 0 0 0 0 0 0
0 0 0 0 0 1 0 0 1 0 0
0 0 0 0 0 0 0 0 0 0 0
2 2 2 2 2 2 2 2 2 2 2
0 0 0 1 0 0 1 0 1 1 1
1 1 0 0 0 1 1 1 1 0 1
0 0 0 0 0 0 0 0 0 0 0
1 0 0 0 1 1 0 0 1 0 0
0 1 0 0 0 1 0 0 0 0 0
0 0 0 0 1 0 0 0 0 0 1
0 0 0 0 0 0 0 0 0 0 0
2 2 2 2 2 2 0 2 2 2 2
2 2 2 2 2 2 2 2 2 2 2
2 2 2 2 0 2 0 2 2 2 2
0 0 0 0 0 0 0 0 0 2 1
0 0 0 0 1 1 0 0 0 2 0
0 0 0 0 1 1 0 0 0 0 0
0 0 0 0 1 2 0 0 0 0 0
0 0 0 0 1 2 0 0 0 0 0
0 0 0 0 0 2 0 0 0 0 0
0 0 0 0 0 2 0 0 0 0 0
0 0 0 0 0 2 0 0 0 0 0
0 0 0 0 0 2 0 0 0 0 0
0 0 0 0 0 0 0 0 0 0 0
0 0 0 0 0 0 0 0 2 0 1
0 0 0 0 2 0 0 0 2 0 1
0 0 0 0 2 0 0 1 2 0 1
0 0 0 0 2 0 0 1 2 0 0
0 0 0 0 0 0 1 1 2 0 0
0 0 0 0 0 0 1 1 2 1 0
0 0 0 0 0 0 1 1 2 1 0
0 0 0 0 0 0 1 1 2 1 0
0 0 0 0 0 0 0 0 0 0 0
1 0 1 0 0 0 0 1 1 1 0
0 0 0 1 0 1 0 0 0 0 1
0 0 0 0 0 0 0 0 0 0 0
2 2 2 2 2 2 2 2 2 2 2
2 2 2 2 2 2 2 2 2 2 2
1 0 0 0 0 1 0 0 1 1 1
0 0 0 0 0 0 0 0 0 0 0
2 2 0 0 2 2 2 0 0 2 2
0 2 2 2 0 2 0 2 2 2 0
2 2 0 2 2 2 2 2 0 2 2
2 2 2 2 2 2 2 2 2 2 2
0 0 1 1 1 1 1 1 1 0 0
0 0 0 0 0 0 0 0 0 0 0
0 0 1 1 1 1 1 1 1 1 1
0 0 0 0 0 0 0 0 0 0 0
1 1 1 0 0 0 0 0 0 0 2
1 1 0 0 0 0 0 0 0 0 2
1 2 0 0 0 0 0 0 0 0 0
0 2 0 0 0 0 0 1 1 1 1
0 0 1 0 0 0 2 1 1 1 1
2 0 1 0 0 0 2 0 0 1 0
2 1 1 1 0 0 2 0 0 0 0
0 0 1 0 1 1 2 0 0 0 0
0 0 0 0 0 0 0 0 0 0 0
0 0 0 0 0 0 0 0 0 0 0
-1 -1 -1 -1 -1 -1 -1 -1 -1 -1 -1
-1 -1 -1 -1 -1 -1 -1 -1 -1 -1 -1
-1 -1 -1 -1 -1 -1 -1 -1 -1 -1 -1
-1 -1 -1 -1 -1 -1 -1 -1 -1 -1 -1
-1 -1 -1 -1 -1 -1 -1 -1 -1 -1 -1
-1 -1 -1 -1 -1 -1 -1 -1 -1 -1 -1
-1 -1 -1 -1 -1 -1 -1 -1 -1 -1 -1
-1 -1 -1 -1 -1 -1 -1 -1 -1 -1 -1
-1 -1 -1 -1 -1 -1 -1 -1 -1 -1 -1
-1 -1 -1 -1 -1 -1 -1 -1 -1 -1 -1
-1 -1 -1 -1 -1 -1 -1 -1 -1 -1 -1
-1 -1 -1 -1 -1 -1 -1 -1 -1 -1 -1
-1 -1 -1 -1 -1 -1 -1 -1 -1 -1 -1
-1 -1 -1 -1 -1 -1 -1 -1 -1 -1 -1
-1 -1 -1 -1 -1 -1 -1 -1 -1 -1 -1
-1 -1 -1 -1 -1 -1 -1 -1 -1 -1 -1
-1 -1 -1 -1 -1 -1 -1 -1 -1 -1 -1
-1 -1 -1 -1 -1 -1 -1 -1 -1 -1 -1
-1 -1 -1 -1 -1 -1 -1 -1 -1 -1 -1
-1 -1 -1 -1 -1 -1 -1 -1 -1 -1 -1
-1 -1 -1 -1 -1 -1 -1 -1 -1 -1 -1
-1 -1 -1 -1 -1 -1 -1 -1 -1 -1 -1
-1 -1 -1 -1 -1 -1 -1 -1 -1 -1 -1
-1 -1 -1 -1 -1 -1 -1 -1 -1 -1 -1
-1 -1 -1 -1 -1 -1 -1 -1 -1 -1 -1
-1 -1 -1 -1 -1 -1 -1 -1 -1 -1 -1
-1 -1 -1 -1 -1 -1 -1 -1 -1 -1 -1
-1 -1 -1 -1 -1 -1 -1 -1 -1 -1 -1
-1 -1 -1 -1 -1 -1 -1 -1 -1 -1 -1
-1 -1 -1 -1 -1 -1 -1 -1 -1 -1 -1
-1 -1 -1 -1 -1 -1 -1 -1 -1 -1 -1
-1 -1 -1 -1 -1 -1 -1 -1 -1 -1 -1
18
116620
2 50 1 0
2 43 -2 6
0 0 0 0 0 0 0 0 0 0 0
0 0 0 0 1 0 0 0 0 0 0
0 1 0 1 0 0 0 0 0 0 0
1 1 0 0 0 0 0 0 0 0 0
0 0 0 0 0 1 0 0 1 0 0
0 0 0 0 0 0 0 0 0 0 0
2 2 2 2 2 2 2 2 2 2 2
0 0 0 1 0 0 1 0 1 1 1
1 1 0 0 0 1 1 1 1 0 1
0 0 0 0 0 0 0 0 0 0 0
1 0 0 0 1 1 0 0 1 0 0
0 1 0 0 0 1 0 0 0 0 0
0 0 0 0 1 0 0 0 0 0 1
0 0 0 0 0 0 0 0 0 0 0
2 2 2 2 2 2 0 2 2 2 2
2 2 2 2 2 2 2 2 2 2 2
2 2 2 2 0 2 0 2 2 2 2
0 0 0 0 0 0 0 0 0 2 1
0 0 0 0 1 1 0 0 0 2 0
0 0 0 0 1 1 0 0 0 0 0
0 0 0 0 1 2 0 0 0 0 0
0 0 0 0 1 2 0 0 0 0 0
0 0 0 0 0 2 0 0 0 0 0
0 0 0 0 0 2 0 0 0 0 0
0 0 0 0 0 2 0 0 0 0 0
0 0 0 0 0 2 0 0 0 0 0
0 0 0 0 0 0 0 0 0 0 0
0 0 0 0 0 0 0 0 2 0 1
0 0 0 0 2 0 0 0 2 0 1
0 0 0 0 2 0 0 1 2 0 1
0 0 0 0 2 0 0 1 2 0 0
0 0 0 0 0 0 1 1 2 0 0
0 0 0 0 0 0 1 1 2 1 0
0 0 0 0 0 0 1 1 2 1 0
0 0 0 0 0 0 1 1 2 1 0
0 0 0 0 0 0 0 0 0 0 0
1 0 1 0 0 0 0 1 1 1 0
0 0 0 1 0 1 0 0 0 0 1
0 0 0 0 0 0 0 0 0 0 0
2 2 2 2 2 2 2 2 2 2 2
2 2 2 2 2 2 2 2 2 2 2
1 0 0 0 0 1 0 0 1 1 1
0 0 0 0 0 0 0 0 0 0 0
2 2 0 0 2 2 2 0 0 2 2
0 2 2 2 0 2 0 2 2 2 0
2 2 0 2 2 2 2 2 0 2 2
2 2 2 2 2 2 2 2 2 2 2
0 0 1 1 1 1 1 1 1 0 0
0 0 0 0 0 0 0 0 0 0 0
0 0 1 1 1 1 1 1 1 1 1
0 0 0 0 0 0 0 0 0 0 0
1 1 1 0 0 0 0 0 0 0 2
1 1 0 0 0 0 0 0 0 0 2
1 2 0 0 0 0 0 0 0 0 0
0 2 0 0 0 0 0 1 1 1 1
0 0 1 0 0 0 2 1 1 1 1
2 0 1 0 0 0 2 0 0 1 0
2 1 1 1 0 0 2 0 0 0 0
0 0 1 0 1 1 2 0 0 0 0
0 0 0 0 0 0 0 0 0 0 0
0 0 0 0 0 0 0 0 0 0 0
-1 -1 -1 -1 -1 -1 -1 -1 -1 -1 -1
-1 -1 -1 -1 -1 -1 -1 -1 -1 -1 -1
-1 -1 -1 -1 -1 -1 -1 -1 -1 -1 -1
-1 -1 -1 -1 -1 -1 -1 -1 -1 -1 -1
-1 -1 -1 -1 -1 -1 -1 -1 -1 -1 -1
-1 -1 -1 -1 -1 -1 -1 -1 -1 -1 -1
-1 -1 -1 -1 -1 -1 -1 -1 -1 -1 -1
-1 -1 -1 -1 -1 -1 -1 -1 -1 -1 -1
-1 -1 -1 -1 -1 -1 -1 -1 -1 -1 -1
-1 -1 -1 -1 -1 -1 -1 -1 -1 -1 -1
-1 -1 -1 -1 -1 -1 -1 -1 -1 -1 -1
-1 -1 -1 -1 -1 -1 -1 -1 -1 -1 -1
-1 -1 -1 -1 -1 -1 -1 -1 -1 -1 -1
-1 -1 -1 -1 -1 -1 -1 -1 -1 -1 -1
-1 -1 -1 -1 -1 -1 -1 -1 -1 -1 -1
-1 -1 -1 -1 -1 -1 -1 -1 -1 -1 -1
-1 -1 -1 -1 -1 -1 -1 -1 -1 -1 -1
-1 -1 -1 -1 -1 -1 -1 -1 -1 -1 -1
-1 -1 -1 -1 -1 -1 -1 -1 -1 -1 -1
-1 -1 -1 -1 -1 -1 -1 -1 -1 -1 -1
-1 -1 -1 -1 -1 -1 -1 -1 -1 -1 -1
-1 -1 -1 -1 -1 -1 -1 -1 -1 -1 -1
-1 -1 -1 -1 -1 -1 -1 -1 -1 -1 -1
-1 -1 -1 -1 -1 -1 -1 -1 -1 -1 -1
-1 -1 -1 -1 -1 -1 -1 -1 -1 -1 -1
-1 -1 -1 -1 -1 -1 -1 -1 -1 -1 -1
-1 -1 -1 -1 -1 -1 -1 -1 -1 -1 -1
-1 -1 -1 -1 -1 -1 -1 -1 -1 -1 -1
-1 -1 -1 -1 -1 -1 -1 -1 -1 -1 -1
-1 -1 -1 -1 -1 -1 -1 -1 -1 -1 -1
-1 -1 -1 -1 -1 -1 -1 -1 -1 -1 -1
-1 -1 -1 -1 -1 -1 -1 -1 -1 -1 -1
19
116516
4 51 2 1
0 50 -2 7
0 0 0 0 0 0 0 0 0 0 0
0 0 0 0 1 0 0 0 0 0 0
0 1 0 1 0 0 0 0 0 0 0
1 1 0 0 0 0 0 0 0 0 0
0 0 0 0 0 1 0 0 1 0 0
0 0 0 0 0 0 0 0 0 0 0
2 2 2 2 2 2 2 2 2 2 2
0 0 0 1 0 0 1 0 1 1 1
1 1 0 0 0 1 1 1 1 0 1
0 0 0 0 0 0 0 0 0 0 0
1 0 0 0 1 1 0 0 1 0 0
0 1 0 0 0 1 0 0 0 0 0
0 0 0 0 1 0 0 0 0 0 1
0 0 0 0 0 0 0 0 0 0 0
2 2 2 2 2 2 0 2 2 2 2
2 2 2 2 2 2 2 2 2 2 2
2 2 2 2 0 2 0 2 2 2 2
0 0 0 0 0 0 0 0 0 2 1
0 0 0 0 1 1 0 0 0 2 0
0 0 0 0 1 1 0 0 0 0 0
0 0 0 0 1 2 0 0 0 0 0
0 0 0 0 1 2 0 0 0 0 0
0 0 0 0 0 2 0 0 0 0 0
0 0 0 0 0 2 0 0 0 0 0
0 0 0 0 0 2 0 0 0 0 0
0 0 0 0 0 2 0 0 0 0 0
0 0 0 0 0 0 0 0 0 0 0
0 0 0 0 0 0 0 0 2 0 1
0 0 0 0 2 0 0 0 2 0 1
0 0 0 0 2 0 0 1 2 0 1
0 0 0 0 2 0 0 1 2 0 0
0 0 0 0 0 0 1 1 2 0 0
0 0 0 0 0 0 1 1 2 1 0
0 0 0 0 0 0 1 1 2 1 0
0 0 0 0 0 0 1 1 2 1 0
0 0 0 0 0 0 0 0 0 0 0
1 0 1 0 0 0 0 1 1 1 0
0 0 0 1 0 1 0 0 0 0 1
0 0 0 0 0 0 0 0 0 0 0
2 2 2 2 2 2 2 2 2 2 2
2 2 2 2 2 2 2 2 2 2 2
1 0 0 0 0 1 0 0 1 1 1
0 0 0 0 0 0 0 0 0 0 0
2 2 0 0 2 2 2 0 0 2 2
0 2 2 2 0 2 0 2 2 2 0
2 2 0 2 2 2 2 2 0 2 2
2 2 2 2 2 2 2 2 2 2 2
0 0 1 1 1 1 1 1 1 0 0
0 0 0 0 0 0 0 0 0 0 0
0 0 1 1 1 1 1 1 1 1 1
0 0 0 0 0 0 0 0 0 0 0
1 1 1 0 0 0 0 0 0 0 2
1 1 0 0 0 0 0 0 0 0 2
1 2 0 0 0 0 0 0 0 0 0
0 2 0 0 0 0 0 1 1 1 1
0 0 1 0 0 0 2 1 1 1 1
2 0 1 0 0 0 2 0 0 1 0
2 1 1 1 0 0 2 0 0 0 0
0 0 1 0 1 1 2 0 0 0 0
0 0 0 0 0 0 0 0 0 0 0
0 0 0 0 0 0 0 0 0 0 0
0 0 0 0 0 0 0 0 0 0 0
-1 -1 -1 -1 -1 -1 -1 -1 -1 -1 -1
-1 -1 -1 -1 -1 -1 -1 -1 -1 -1 -1
-1 -1 -1 -1 -1 -1 -1 -1 -1 -1 -1
-1 -1 -1 -1 -1 -1 -1 -1 -1 -1 -1
-1 -1 -1 -1 -1 -1 -1 -1 -1 -1 -1
-1 -1 -1 -1 -1 -1 -1 -1 -1 -1 -1
-1 -1 -1 -1 -1 -1 -1 -1 -1 -1 -1
-1 -1 -1 -1 -1 -1 -1 -1 -1 -1 -1
-1 -1 -1 -1 -1 -1 -1 -1 -1 -1 -1
-1 -1 -1 -1 -1 -1 -1 -1 -1 -1 -1
-1 -1 -1 -1 -1 -1 -1 -1 -1 -1 -1
-1 -1 -1 -1 -1 -1 -1 -1 -1 -1 -1
-1 -1 -1 -1 -1 -1 -1 -1 -1 -1 -1
-1 -1 -1 -1 -1 -1 -1 -1 -1 -1 -1
-1 -1 -1 -1 -1 -1 -1 -1 -1 -1 -1
-1 -1 -1 -1 -1 -1 -1 -1 -1 -1 -1
-1 -1 -1 -1 -1 -1 -1 -1 -1 -1 -1
-1 -1 -1 -1 -1 -1 -1 -1 -1 -1 -1
-1 -1 -1 -1 -1 -1 -1 -1 -1 -1 -1
-1 -1 -1 -1 -1 -1 -1 -1 -1 -1 -1
-1 -1 -1 -1 -1 -1 -1 -1 -1 -1 -1
-1 -1 -1 -1 -1 -1 -1 -1 -1 -1 -1
-1 -1 -1 -1 -1 -1 -1 -1 -1 -1 -1
-1 -1 -1 -1 -1 -1 -1 -1 -1 -1 -1
-1 -1 -1 -1 -1 -1 -1 -1 -1 -1 -1
-1 -1 -1 -1 -1 -1 -1 -1 -1 -1 -1
-1 -1 -1 -1 -1 -1 -1 -1 -1 -1 -1
-1 -1 -1 -1 -1 -1 -1 -1 -1 -1 -1
-1 -1 -1 -1 -1 -1 -1 -1 -1 -1 -1
-1 -1 -1 -1 -1 -1 -1 -1 -1 -1 -1
-1 -1 -1 -1 -1 -1 -1 -1 -1 -1 -1
20
116422
5 53 1 2
0 50 0 0
0 0 0 0 0 0 0 0 0 0 0
0 0 0 0 1 0 0 0 0 0 0
0 1 0 1 0 0 0 0 0 0 0
1 1 0 0 0 0 0 0 0 0 0
0 0 0 0 0 1 0 0 1 0 0
0 0 0 0 0 0 0 0 0 0 0
2 2 2 2 2 2 2 2 2 2 2
0 0 0 1 0 0 1 0 1 1 1
1 1 0 0 0 1 1 1 1 0 1
0 0 0 0 0 0 0 0 0 0 0
1 0 0 0 1 1 0 0 1 0 0
0 1 0 0 0 1 0 0 0 0 0
0 0 0 0 1 0 0 0 0 0 1
0 0 0 0 0 0 0 0 0 0 0
2 2 2 2 2 2 0 2 2 2 2
2 2 2 2 2 2 2 2 2 2 2
2 2 2 2 0 2 0 2 2 2 2
0 0 0 0 0 0 0 0 0 2 1
0 0 0 0 1 1 0 0 0 2 0
0 0 0 0 1 1 0 0 0 0 0
0 0 0 0 1 2 0 0 0 0 0
0 0 0 0 1 2 0 0 0 0 0
0 0 0 0 0 2 0 0 0 0 0
0 0 0 0 0 2 0 0 0 0 0
0 0 0 0 0 2 0 0 0 0 0
0 0 0 0 0 2 0 0 0 0 0
0 0 0 0 0 0 0 0 0 0 0
0 0 0 0 0 0 0 0 2 0 1
0 0 0 0 2 0 0 0 2 0 1
0 0 0 0 2 0 0 1 2 0 1
0 0 0 0 2 0 0 1 2 0 0
0 0 0 0 0 0 1 1 2 0 0
0 0 0 0 0 0 1 1 2 1 0
0 0 0 0 0 0 1 1 2 1 0
0 0 0 0 0 0 1 1 2 1 0
0 0 0 0 0 0 0 0 0 0 0
1 0 1 0 0 0 0 1 1 1 0
0 0 0 1 0 1 0 0 0 0 1
0 0 0 0 0 0 0 0 0 0 0
2 2 2 2 2 2 2 2 2 2 2
2 2 2 2 2 2 2 2 2 2 2
1 0 0 0 0 1 0 0 1 1 1
0 0 0 0 0 0 0 0 0 0 0
2 2 0 0 2 2 2 0 0 2 2
0 2 2 2 0 2 0 2 2 2 0
2 2 0 2 2 2 2 2 0 2 2
2 2 2 2 2 2 2 2 2 2 2
0 0 1 1 1 1 1 1 1 0 0
0 0 0 0 0 0 0 0 0 0 0
0 0 1 1 1 1 1 1 1 1 1
0 0 0 0 0 0 0 0 0 0 0
1 1 1 0 0 0 0 0 0 0 2
1 1 0 0 0 0 0 0 0 0 2
1 2 0 0 0 0 0 0 0 0 0
0 2 0 0 0 0 0 1 1 1 1
0 0 1 0 0 0 2 1 1 1 1
2 0 1 0 0 0 2 0 0 1 0
2 1 1 1 0 0 2 0 0 0 0
0 0 1 0 1 1 2 0 0 0 0
0 0 0 0 0 0 0 0 0 0 0
0 0 0 0 0 0 0 0 0 0 0
0 0 0 0 0 0 0 0 0 0 0
0 0 0 0 0 0 0 0 0 0 0
0 0 0 0 0 0 0 0 0 0 0
-1 -1 -1 -1 -1 -1 -1 -1 -1 -1 -1
-1 -1 -1 -1 -1 -1 -1 -1 -1 -1 -1
-1 -1 -1 -1 -1 -1 -1 -1 -1 -1 -1
-1 -1 -1 -1 -1 -1 -1 -1 -1 -1 -1
-1 -1 -1 -1 -1 -1 -1 -1 -1 -1 -1
-1 -1 -1 -1 -1 -1 -1 -1 -1 -1 -1
-1 -1 -1 -1 -1 -1 -1 -1 -1 -1 -1
-1 -1 -1 -1 -1 -1 -1 -1 -1 -1 -1
-1 -1 -1 -1 -1 -1 -1 -1 -1 -1 -1
-1 -1 -1 -1 -1 -1 -1 -1 -1 -1 -1
-1 -1 -1 -1 -1 -1 -1 -1 -1 -1 -1
-1 -1 -1 -1 -1 -1 -1 -1 -1 -1 -1
-1 -1 -1 -1 -1 -1 -1 -1 -1 -1 -1
-1 -1 -1 -1 -1 -1 -1 -1 -1 -1 -1
-1 -1 -1 -1 -1 -1 -1 -1 -1 -1 -1
-1 -1 -1 -1 -1 -1 -1 -1 -1 -1 -1
-1 -1 -1 -1 -1 -1 -1 -1 -1 -1 -1
-1 -1 -1 -1 -1 -1 -1 -1 -1 -1 -1
-1 -1 -1 -1 -1 -1 -1 -1 -1 -1 -1
-1 -1 -1 -1 -1 -1 -1 -1 -1 -1 -1
-1 -1 -1 -1 -1 -1 -1 -1 -1 -1 -1
-1 -1 -1 -1 -1 -1 -1 -1 -1 -1 -1
-1 -1 -1 -1 -1 -1 -1 -1 -1 -1 -1
-1 -1 -1 -1 -1 -1 -1 -1 -1 -1 -1
-1 -1 -1 -1 -1 -1 -1 -1 -1 -1 -1
-1 -1 -1 -1 -1 -1 -1 -1 -1 -1 -1
-1 -1 -1 -1 -1 -1 -1 -1 -1 -1 -1
-1 -1 -1 -1 -1 -1 -1 -1 -1 -1 -1
-1 -1 -1 -1 -1 -1 -1 -1 -1 -1 -1
21
116232
6 56 0 0
1 50 1 0
0 0 0 0 0 0 0 0 0 0 0
0 0 0 0 1 0 0 0 0 0 0
0 1 0 1 0 0 0 0 0 0 0
1 1 0 0 0 0 0 0 0 0 0
0 0 0 0 0 1 0 0 1 0 0
0 0 0 0 0 0 0 0 0 0 0
2 2 2 2 2 2 2 2 2 2 2
0 0 0 1 0 0 1 0 1 1 1
1 1 0 0 0 1 1 1 1 0 1
0 0 0 0 0 0 0 0 0 0 0
1 0 0 0 1 1 0 0 1 0 0
0 1 0 0 0 1 0 0 0 0 0
0 0 0 0 1 0 0 0 0 0 1
0 0 0 0 0 0 0 0 0 0 0
2 2 2 2 2 2 0 2 2 2 2
2 2 2 2 2 2 2 2 2 2 2
2 2 2 2 0 2 0 2 2 2 2
0 0 0 0 0 0 0 0 0 2 1
0 0 0 0 1 1 0 0 0 2 0
0 0 0 0 1 1 0 0 0 0 0
0 0 0 0 1 2 0 0 0 0 0
0 0 0 0 1 2 0 0 0 0 0
0 0 0 0 0 2 0 0 0 0 0
0 0 0 0 0 2 0 0 0 0 0
0 0 0 0 0 2 0 0 0 0 0
0 0 0 0 0 2 0 0 0 0 0
0 0 0 0 0 0 0 0 0 0 0
0 0 0 0 0 0 0 0 2 0 1
0 0 0 0 2 0 0 0 2 0 1
0 0 0 0 2 0 0 1 2 0 1
0 0 0 0 2 0 0 1 2 0 0
0 0 0 0 0 0 1 1 2 0 0
0 0 0 0 0 0 1 1 2 1 0
0 0 0 0 0 0 1 1 2 1 0
0 0 0 0 0 0 1 1 2 1 0
0 0 0 0 0 0 0 0 0 0 0
1 0 1 0 0 0 0 1 1 1 0
0 0 0 1 0 1 0 0 0 0 1
0 0 0 0 0 0 0 0 0 0 0
2 2 2 2 2 2 2 2 2 2 2
2 2 2 2 2 2 2 2 2 2 2
1 0 0 0 0 1 0 0 1 1 1
0 0 0 0 0 0 0 0 0 0 0
2 2 0 0 2 2 2 0 0 2 2
0 2 2 2 0 2 0 2 2 2 0
2 2 0 2 2 2 2 2 0 2 2
2 2 2 2 2 2 2 2 2 2 2
0 0 1 1 1 1 1 1 1 0 0
0 0 0 0 0 0 0 0 0 0 0
0 0 1 1 1 1 1 1 1 1 1
0 0 0 0 0 0 0 0 0 0 0
1 1 1 0 0 0 0 0 0 0 2
1 1 0 0 0 0 0 0 0 0 2
1 2 0 0 0 0 0 0 0 0 0
0 2 0 0 0 0 0 1 1 1 1
0 0 1 0 0 0 2 1 1 1 1
2 0 1 0 0 0 2 0 0 1 0
2 1 1 1 0 0 2 0 0 0 0
0 0 1 0 1 1 2 0 0 0 0
0 0 0 0 0 0 0 0 0 0 0
0 0 0 0 0 0 0 0 0 0 0
0 0 0 0 0 0 0 0 0 0 0
0 0 0 0 0 0 0 0 0 0 0
0 0 0 0 0 0 0 0 0 0 0
0 1 1 1 1 0 1 1 1 1 0
0 1 1 1 1 0 1 1 1 1 0
0 0 0 0 0 0 0 0 0 0 0
-1 -1 -1 -1 -1 -1 -1 -1 -1 -1 -1
-1 -1 -1 -1 -1 -1 -1 -1 -1 -1 -1
-1 -1 -1 -1 -1 -1 -1 -1 -1 -1 -1
-1 -1 -1 -1 -1 -1 -1 -1 -1 -1 -1
-1 -1 -1 -1 -1 -1 -1 -1 -1 -1 -1
-1 -1 -1 -1 -1 -1 -1 -1 -1 -1 -1
-1 -1 -1 -1 -1 -1 -1 -1 -1 -1 -1
-1 -1 -1 -1 -1 -1 -1 -1 -1 -1 -1
-1 -1 -1 -1 -1 -1 -1 -1 -1 -1 -1
-1 -1 -1 -1 -1 -1 -1 -1 -1 -1 -1
-1 -1 -1 -1 -1 -1 -1 -1 -1 -1 -1
-1 -1 -1 -1 -1 -1 -1 -1 -1 -1 -1
-1 -1 -1 -1 -1 -1 -1 -1 -1 -1 -1
-1 -1 -1 -1 -1 -1 -1 -1 -1 -1 -1
-1 -1 -1 -1 -1 -1 -1 -1 -1 -1 -1
-1 -1 -1 -1 -1 -1 -1 -1 -1 -1 -1
-1 -1 -1 -1 -1 -1 -1 -1 -1 -1 -1
-1 -1 -1 -1 -1 -1 -1 -1 -1 -1 -1
-1 -1 -1 -1 -1 -1 -1 -1 -1 -1 -1
-1 -1 -1 -1 -1 -1 -1 -1 -1 -1 -1
-1 -1 -1 -1 -1 -1 -1 -1 -1 -1 -1
-1 -1 -1 -1 -1 -1 -1 -1 -1 -1 -1
-1 -1 -1 -1 -1 -1 -1 -1 -1 -1 -1
-1 -1 -1 -1 -1 -1 -1 -1 -1 -1 -1
-1 -1 -1 -1 -1 -1 -1 -1 -1 -1 -1
-1 -1 -1 -1 -1 -1 -1 -1 -1 -1 -1
22
116018
7 57 1 1
3 50 2 0
0 0 0 0 0 0 0 0 0 0 0
0 0 0 0 1 0 0 0 0 0 0
0 1 0 1 0 0 0 0 0 0 0
1 1 0 0 0 0 0 0 0 0 0
0 0 0 0 0 1 0 0 1 0 0
0 0 0 0 0 0 0 0 0 0 0
2 2 2 2 2 2 2 2 2 2 2
0 0 0 1 0 0 1 0 1 1 1
1 1 0 0 0 1 1 1 1 0 1
0 0 0 0 0 0 0 0 0 0 0
1 0 0 0 1 1 0 0 1 0 0
0 1 0 0 0 1 0 0 0 0 0
0 0 0 0 1 0 0 0 0 0 1
0 0 0 0 0 0 0 0 0 0 0
2 2 2 2 2 2 0 2 2 2 2
2 2 2 2 2 2 2 2 2 2 2
2 2 2 2 0 2 0 2 2 2 2
0 0 0 0 0 0 0 0 0 2 1
0 0 0 0 1 1 0 0 0 2 0
0 0 0 0 1 1 0 0 0 0 0
0 0 0 0 1 2 0 0 0 0 0
0 0 0 0 1 2 0 0 0 0 0
0 0 0 0 0 2 0 0 0 0 0
0 0 0 0 0 2 0 0 0 0 0
0 0 0 0 0 2 0 0 0 0 0
0 0 0 0 0 2 0 0 0 0 0
0 0 0 0 0 0 0 0 0 0 0
0 0 0 0 0 0 0 0 2 0 1
0 0 0 0 2 0 0 0 2 0 1
0 0 0 0 2 0 0 1 2 0 1
0 0 0 0 2 0 0 1 2 0 0
0 0 0 0 0 0 1 1 2 0 0
0 0 0 0 0 0 1 1 2 1 0
0 0 0 0 0 0 1 1 2 1 0
0 0 0 0 0 0 1 1 2 1 0
0 0 0 0 0 0 0 0 0 0 0
1 0 1 0 0 0 0 1 1 1 0
0 0 0 1 0 1 0 0 0 0 1
0 0 0 0 0 0 0 0 0 0 0
2 2 2 2 2 2 2 2 2 2 2
2 2 2 2 2 2 2 2 2 2 2
1 0 0 0 0 1 0 0 1 1 1
0 0 0 0 0 0 0 0 0 0 0
2 2 0 0 2 2 2 0 0 2 2
0 2 2 2 0 2 0 2 2 2 0
2 2 0 2 2 2 2 2 0 2 2
2 2 2 2 2 2 2 2 2 2 2
0 0 1 1 1 1 1 1 1 0 0
0 0 0 0 0 0 0 0 0 0 0
0 0 1 1 1 1 1 1 1 1 1
0 0 0 0 0 0 0 0 0 0 0
1 1 1 0 0 0 0 0 0 0 2
1 1 0 0 0 0 0 0 0 0 2
1 2 0 0 0 0 0 0 0 0 0
0 2 0 0 0 0 0 1 1 1 1
0 0 1 0 0 0 2 1 1 1 1
2 0 1 0 0 0 2 0 0 1 0
2 1 1 1 0 0 2 0 0 0 0
0 0 1 0 1 1 2 0 0 0 0
0 0 0 0 0 0 0 0 0 0 0
0 0 0 0 0 0 0 0 0 0 0
0 0 0 0 0 0 0 0 0 0 0
0 0 0 0 0 0 0 0 0 0 0
0 0 0 0 0 0 0 0 0 0 0
0 1 1 1 1 0 1 1 1 1 0
0 1 1 1 1 0 1 1 1 1 0
0 0 0 0 0 0 0 0 0 0 0
0 0 0 0 0 0 0 0 0 0 0
-1 -1 -1 -1 -1 -1 -1 -1 -1 -1 -1
-1 -1 -1 -1 -1 -1 -1 -1 -1 -1 -1
-1 -1 -1 -1 -1 -1 -1 -1 -1 -1 -1
-1 -1 -1 -1 -1 -1 -1 -1 -1 -1 -1
-1 -1 -1 -1 -1 -1 -1 -1 -1 -1 -1
-1 -1 -1 -1 -1 -1 -1 -1 -1 -1 -1
-1 -1 -1 -1 -1 -1 -1 -1 -1 -1 -1
-1 -1 -1 -1 -1 -1 -1 -1 -1 -1 -1
-1 -1 -1 -1 -1 -1 -1 -1 -1 -1 -1
-1 -1 -1 -1 -1 -1 -1 -1 -1 -1 -1
-1 -1 -1 -1 -1 -1 -1 -1 -1 -1 -1
-1 -1 -1 -1 -1 -1 -1 -1 -1 -1 -1
-1 -1 -1 -1 -1 -1 -1 -1 -1 -1 -1
-1 -1 -1 -1 -1 -1 -1 -1 -1 -1 -1
-1 -1 -1 -1 -1 -1 -1 -1 -1 -1 -1
-1 -1 -1 -1 -1 -1 -1 -1 -1 -1 -1
-1 -1 -1 -1 -1 -1 -1 -1 -1 -1 -1
-1 -1 -1 -1 -1 -1 -1 -1 -1 -1 -1
-1 -1 -1 -1 -1 -1 -1 -1 -1 -1 -1
-1 -1 -1 -1 -1 -1 -1 -1 -1 -1 -1
-1 -1 -1 -1 -1 -1 -1 -1 -1 -1 -1
-1 -1 -1 -1 -1 -1 -1 -1 -1 -1 -1
-1 -1 -1 -1 -1 -1 -1 -1 -1 -1 -1
-1 -1 -1 -1 -1 -1 -1 -1 -1 -1 -1
-1 -1 -1 -1 -1 -1 -1 -1 -1 -1 -1
23
115780
9 59 2 2
4 51 1 1
0 0 0 0 0 0 0 0 0 0 0
0 0 0 0 1 0 0 0 0 0 0
0 1 0 1 0 0 0 0 0 0 0
1 1 0 0 0 0 0 0 0 0 0
0 0 0 0 0 1 0 0 1 0 0
0 0 0 0 0 0 0 0 0 0 0
2 2 2 2 2 2 2 2 2 2 2
0 0 0 1 0 0 1 0 1 1 1
1 1 0 0 0 1 1 1 1 0 1
0 0 0 0 0 0 0 0 0 0 0
1 0 0 0 1 1 0 0 1 0 0
0 1 0 0 0 1 0 0 0 0 0
0 0 0 0 1 0 0 0 0 0 1
0 0 0 0 0 0 0 0 0 0 0
2 2 2 2 2 2 0 2 2 2 2
2 2 2 2 2 2 2 2 2 2 2
2 2 2 2 0 2 0 2 2 2 2
0 0 0 0 0 0 0 0 0 2 1
0 0 0 0 1 1 0 0 0 2 0
0 0 0 0 1 1 0 0 0 0 0
0 0 0 0 1 2 0 0 0 0 0
0 0 0 0 1 2 0 0 0 0 0
0 0 0 0 0 2 0 0 0 0 0
0 0 0 0 0 2 0 0 0 0 0
0 0 0 0 0 2 0 0 0 0 0
0 0 0 0 0 2 0 0 0 0 0
0 0 0 0 0 0 0 0 0 0 0
0 0 0 0 0 0 0 0 2 0 1
0 0 0 0 2 0 0 0 2 0 1
0 0 0 0 2 0 0 1 2 0 1
0 0 0 0 2 0 0 1 2 0 0
0 0 0 0 0 0 1 1 2 0 0
0 0 0 0 0 0 1 1 2 1 0
0 0 0 0 0 0 1 1 2 1 0
0 0 0 0 0 0 1 1 2 1 0
0 0 0 0 0 0 0 0 0 0 0
1 0 1 0 0 0 0 1 1 1 0
0 0 0 1 0 1 0 0 0 0 1
0 0 0 0 0 0 0 0 0 0 0
2 2 2 2 2 2 2 2 2 2 2
2 2 2 2 2 2 2 2 2 2 2
1 0 0 0 0 1 0 0 1 1 1
0 0 0 0 0 0 0 0 0 0 0
2 2 0 0 2 2 2 0 0 2 2
0 2 2 2 0 2 0 2 2 2 0
2 2 0 2 2 2 2 2 0 2 2
2 2 2 2 2 2 2 2 2 2 2
0 0 1 1 1 1 1 1 1 0 0
0 0 0 0 0 0 0 0 0 0 0
0 0 1 1 1 1 1 1 1 1 1
0 0 0 0 0 0 0 0 0 0 0
1 1 1 0 0 0 0 0 0 0 2
1 1 0 0 0 0 0 0 0 0 2
1 2 0 0 0 0 0 0 0 0 0
0 2 0 0 0 0 0 1 1 1 1
0 0 1 0 0 0 2 1 1 1 1
2 0 1 0 0 0 2 0 0 1 0
2 1 1 1 0 0 2 0 0 0 0
0 0 1 0 1 1 2 0 0 0 0
0 0 0 0 0 0 0 0 0 0 0
0 0 0 0 0 0 0 0 0 0 0
0 0 0 0 0 0 0 0 0 0 0
0 0 0 0 0 0 0 0 0 0 0
0 0 0 0 0 0 0 0 0 0 0
0 1 1 1 1 0 1 1 1 1 0
0 1 1 1 1 0 1 1 1 1 0
0 0 0 0 0 0 0 0 0 0 0
0 0 0 0 0 0 0 0 0 0 0
0 0 0 0 0 0 0 0 0 0 0
0 1 1 1 1 1 1 1 1 1 0
-1 -1 -1 -1 -1 -1 -1 -1 -1 -1 -1
-1 -1 -1 -1 -1 -1 -1 -1 -1 -1 -1
-1 -1 -1 -1 -1 -1 -1 -1 -1 -1 -1
-1 -1 -1 -1 -1 -1 -1 -1 -1 -1 -1
-1 -1 -1 -1 -1 -1 -1 -1 -1 -1 -1
-1 -1 -1 -1 -1 -1 -1 -1 -1 -1 -1
-1 -1 -1 -1 -1 -1 -1 -1 -1 -1 -1
-1 -1 -1 -1 -1 -1 -1 -1 -1 -1 -1
-1 -1 -1 -1 -1 -1 -1 -1 -1 -1 -1
-1 -1 -1 -1 -1 -1 -1 -1 -1 -1 -1
-1 -1 -1 -1 -1 -1 -1 -1 -1 -1 -1
-1 -1 -1 -1 -1 -1 -1 -1 -1 -1 -1
-1 -1 -1 -1 -1 -1 -1 -1 -1 -1 -1
-1 -1 -1 -1 -1 -1 -1 -1 -1 -1 -1
-1 -1 -1 -1 -1 -1 -1 -1 -1 -1 -1
-1 -1 -1 -1 -1 -1 -1 -1 -1 -1 -1
-1 -1 -1 -1 -1 -1 -1 -1 -1 -1 -1
-1 -1 -1 -1 -1 -1 -1 -1 -1 -1 -1
-1 -1 -1 -1 -1 -1 -1 -1 -1 -1 -1
-1 -1 -1 -1 -1 -1 -1 -1 -1 -1 -1
-1 -1 -1 -1 -1 -1 -1 -1 -1 -1 -1
-1 -1 -1 -1 -1 -1 -1 -1 -1 -1 -1
-1 -1 -1 -1 -1 -1 -1 -1 -1 -1 -1
24
115684
10 62 1 3
4 53 0 2
0 0 0 0 0 0 0 0 0 0 0
0 0 0 0 1 0 0 0 0 0 0
0 1 0 1 0 0 0 0 0 0 0
1 1 0 0 0 0 0 0 0 0 0
0 0 0 0 0 1 0 0 1 0 0
0 0 0 0 0 0 0 0 0 0 0
2 2 2 2 2 2 2 2 2 2 2
0 0 0 1 0 0 1 0 1 1 1
1 1 0 0 0 1 1 1 1 0 1
0 0 0 0 0 0 0 0 0 0 0
1 0 0 0 1 1 0 0 1 0 0
0 1 0 0 0 1 0 0 0 0 0
0 0 0 0 1 0 0 0 0 0 1
0 0 0 0 0 0 0 0 0 0 0
2 2 2 2 2 2 0 2 2 2 2
2 2 2 2 2 2 2 2 2 2 2
2 2 2 2 0 2 0 2 2 2 2
0 0 0 0 0 0 0 0 0 2 1
0 0 0 0 1 1 0 0 0 2 0
0 0 0 0 1 1 0 0 0 0 0
0 0 0 0 1 2 0 0 0 0 0
0 0 0 0 1 2 0 0 0 0 0
0 0 0 0 0 2 0 0 0 0 0
0 0 0 0 0 2 0 0 0 0 0
0 0 0 0 0 2 0 0 0 0 0
0 0 0 0 0 2 0 0 0 0 0
0 0 0 0 0 0 0 0 0 0 0
0 0 0 0 0 0 0 0 2 0 1
0 0 0 0 2 0 0 0 2 0 1
0 0 0 0 2 0 0 1 2 0 1
0 0 0 0 2 0 0 1 2 0 0
0 0 0 0 0 0 1 1 2 0 0
0 0 0 0 0 0 1 1 2 1 0
0 0 0 0 0 0 1 1 2 1 0
0 0 0 0 0 0 1 1 2 1 0
0 0 0 0 0 0 0 0 0 0 0
1 0 1 0 0 0 0 1 1 1 0
0 0 0 1 0 1 0 0 0 0 1
0 0 0 0 0 0 0 0 0 0 0
2 2 2 2 2 2 2 2 2 2 2
2 2 2 2 2 2 2 2 2 2 2
1 0 0 0 0 1 0 0 1 1 1
0 0 0 0 0 0 0 0 0 0 0
2 2 0 0 2 2 2 0 0 2 2
0 2 2 2 0 2 0 2 2 2 0
2 2 0 2 2 2 2 2 0 2 2
2 2 2 2 2 2 2 2 2 2 2
0 0 1 1 1 1 1 1 1 0 0
0 0 0 0 0 0 0 0 0 0 0
0 0 1 1 1 1 1 1 1 1 1
0 0 0 0 0 0 0 0 0 0 0
1 1 1 0 0 0 0 0 0 0 2
1 1 0 0 0 0 0 0 0 0 2
1 2 0 0 0 0 0 0 0 0 0
0 2 0 0 0 0 0 1 1 1 1
0 0 1 0 0 0 2 1 1 1 1
2 0 1 0 0 0 2 0 0 1 0
2 1 1 1 0 0 2 0 0 0 0
0 0 1 0 1 1 2 0 0 0 0
0 0 0 0 0 0 0 0 0 0 0
0 0 0 0 0 0 0 0 0 0 0
0 0 0 0 0 0 0 0 0 0 0
0 0 0 0 0 0 0 0 0 0 0
0 0 0 0 0 0 0 0 0 0 0
0 1 1 1 1 0 1 1 1 1 0
0 1 1 1 1 0 1 1 1 1 0
0 0 0 0 0 0 0 0 0 0 0
0 0 0 0 0 0 0 0 0 0 0
0 0 0 0 0 0 0 0 0 0 0
0 1 1 1 1 1 1 1 1 1 0
0 0 0 0 0 0 0 0 0 0 0
2 2 2 2 2 2 2 2 2 2 2
2 2 2 2 2 2 2 2 2 2 2
-1 -1 -1 -1 -1 -1 -1 -1 -1 -1 -1
-1 -1 -1 -1 -1 -1 -1 -1 -1 -1 -1
-1 -1 -1 -1 -1 -1 -1 -1 -1 -1 -1
-1 -1 -1 -1 -1 -1 -1 -1 -1 -1 -1
-1 -1 -1 -1 -1 -1 -1 -1 -1 -1 -1
-1 -1 -1 -1 -1 -1 -1 -1 -1 -1 -1
-1 -1 -1 -1 -1 -1 -1 -1 -1 -1 -1
-1 -1 -1 -1 -1 -1 -1 -1 -1 -1 -1
-1 -1 -1 -1 -1 -1 -1 -1 -1 -1 -1
-1 -1 -1 -1 -1 -1 -1 -1 -1 -1 -1
-1 -1 -1 -1 -1 -1 -1 -1 -1 -1 -1
-1 -1 -1 -1 -1 -1 -1 -1 -1 -1 -1
-1 -1 -1 -1 -1 -1 -1 -1 -1 -1 -1
-1 -1 -1 -1 -1 -1 -1 -1 -1 -1 -1
-1 -1 -1 -1 -1 -1 -1 -1 -1 -1 -1
-1 -1 -1 -1 -1 -1 -1 -1 -1 -1 -1
-1 -1 -1 -1 -1 -1 -1 -1 -1 -1 -1
-1 -1 -1 -1 -1 -1 -1 -1 -1 -1 -1
-1 -1 -1 -1 -1 -1 -1 -1 -1 -1 -1
-1 -1 -1 -1 -1 -1 -1 -1 -1 -1 -1
25
115478
10 66 0 4
5 56 1 3
0 0 0 0 0 0 0 0 0 0 0
0 0 0 0 1 0 0 0 0 0 0
0 1 0 1 0 0 0 0 0 0 0
1 1 0 0 0 0 0 0 0 0 0
0 0 0 0 0 1 0 0 1 0 0
0 0 0 0 0 0 0 0 0 0 0
2 2 2 2 2 2 2 2 2 2 2
0 0 0 1 0 0 1 0 1 1 1
1 1 0 0 0 1 1 1 1 0 1
0 0 0 0 0 0 0 0 0 0 0
1 0 0 0 1 1 0 0 1 0 0
0 1 0 0 0 1 0 0 0 0 0
0 0 0 0 1 0 0 0 0 0 1
0 0 0 0 0 0 0 0 0 0 0
2 2 2 2 2 2 0 2 2 2 2
2 2 2 2 2 2 2 2 2 2 2
2 2 2 2 0 2 0 2 2 2 2
0 0 0 0 0 0 0 0 0 2 1
0 0 0 0 1 1 0 0 0 2 0
0 0 0 0 1 1 0 0 0 0 0
0 0 0 0 1 2 0 0 0 0 0
0 0 0 0 1 2 0 0 0 0 0
0 0 0 0 0 2 0 0 0 0 0
0 0 0 0 0 2 0 0 0 0 0
0 0 0 0 0 2 0 0 0 0 0
0 0 0 0 0 2 0 0 0 0 0
0 0 0 0 0 0 0 0 0 0 0
0 0 0 0 0 0 0 0 2 0 1
0 0 0 0 2 0 0 0 2 0 1
0 0 0 0 2 0 0 1 2 0 1
0 0 0 0 2 0 0 1 2 0 0
0 0 0 0 0 0 1 1 2 0 0
0 0 0 0 0 0 1 1 2 1 0
0 0 0 0 0 0 1 1 2 1 0
0 0 0 0 0 0 1 1 2 1 0
0 0 0 0 0 0 0 0 0 0 0
1 0 1 0 0 0 0 1 1 1 0
0 0 0 1 0 1 0 0 0 0 1
0 0 0 0 0 0 0 0 0 0 0
2 2 2 2 2 2 2 2 2 2 2
2 2 2 2 2 2 2 2 2 2 2
1 0 0 0 0 1 0 0 1 1 1
0 0 0 0 0 0 0 0 0 0 0
2 2 0 0 2 2 2 0 0 2 2
0 2 2 2 0 2 0 2 2 2 0
2 2 0 2 2 2 2 2 0 2 2
2 2 2 2 2 2 2 2 2 2 2
0 0 1 1 1 1 1 1 1 0 0
0 0 0 0 0 0 0 0 0 0 0
0 0 1 1 1 1 1 1 1 1 1
0 0 0 0 0 0 0 0 0 0 0
1 1 1 0 0 0 0 0 0 0 2
1 1 0 0 0 0 0 0 0 0 2
1 2 0 0 0 0 0 0 0 0 0
0 2 0 0 0 0 0 1 1 1 1
0 0 1 0 0 0 2 1 1 1 1
2 0 1 0 0 0 2 0 0 1 0
2 1 1 1 0 0 2 0 0 0 0
0 0 1 0 1 1 2 0 0 0 0
0 0 0 0 0 0 0 0 0 0 0
0 0 0 0 0 0 0 0 0 0 0
0 0 0 0 0 0 0 0 0 0 0
0 0 0 0 0 0 0 0 0 0 0
0 0 0 0 0 0 0 0 0 0 0
0 1 1 1 1 0 1 1 1 1 0
0 1 1 1 1 0 1 1 1 1 0
0 0 0 0 0 0 0 0 0 0 0
0 0 0 0 0 0 0 0 0 0 0
0 0 0 0 0 0 0 0 0 0 0
0 1 1 1 1 1 1 1 1 1 0
0 0 0 0 0 0 0 0 0 0 0
2 2 2 2 2 2 2 2 2 2 2
2 2 2 2 2 2 2 2 2 2 2
0 0 0 0 1 0 0 0 0 0 0
0 0 0 0 1 0 0 0 0 0 0
0 0 0 0 1 0 0 0 0 1 1
0 0 0 2 1 0 0 0 0 1 1
-1 -1 -1 -1 -1 -1 -1 -1 -1 -1 -1
-1 -1 -1 -1 -1 -1 -1 -1 -1 -1 -1
-1 -1 -1 -1 -1 -1 -1 -1 -1 -1 -1
-1 -1 -1 -1 -1 -1 -1 -1 -1 -1 -1
-1 -1 -1 -1 -1 -1 -1 -1 -1 -1 -1
-1 -1 -1 -1 -1 -1 -1 -1 -1 -1 -1
-1 -1 -1 -1 -1 -1 -1 -1 -1 -1 -1
-1 -1 -1 -1 -1 -1 -1 -1 -1 -1 -1
-1 -1 -1 -1 -1 -1 -1 -1 -1 -1 -1
-1 -1 -1 -1 -1 -1 -1 -1 -1 -1 -1
-1 -1 -1 -1 -1 -1 -1 -1 -1 -1 -1
-1 -1 -1 -1 -1 -1 -1 -1 -1 -1 -1
-1 -1 -1 -1 -1 -1 -1 -1 -1 -1 -1
-1 -1 -1 -1 -1 -1 -1 -1 -1 -1 -1
-1 -1 -1 -1 -1 -1 -1 -1 -1 -1 -1
-1 -1 -1 -1 -1 -1 -1 -1 -1 -1 -1
26
115152
10 69 0 3
7 59 2 3
0 0 0 0 0 0 0 0 0 0 0
0 0 0 0 1 0 0 0 0 0 0
0 1 0 1 0 0 0 0 0 0 0
1 1 0 0 0 0 0 0 0 0 0
0 0 0 0 0 1 0 0 1 0 0
0 0 0 0 0 0 0 0 0 0 0
2 2 2 2 2 2 2 2 2 2 2
0 0 0 1 0 0 1 0 1 1 1
1 1 0 0 0 1 1 1 1 0 1
0 0 0 0 0 0 0 0 0 0 0
1 0 0 0 1 1 0 0 1 0 0
0 1 0 0 0 1 0 0 0 0 0
0 0 0 0 1 0 0 0 0 0 1
0 0 0 0 0 0 0 0 0 0 0
2 2 2 2 2 2 0 2 2 2 2
2 2 2 2 2 2 2 2 2 2 2
2 2 2 2 0 2 0 2 2 2 2
0 0 0 0 0 0 0 0 0 2 1
0 0 0 0 1 1 0 0 0 2 0
0 0 0 0 1 1 0 0 0 0 0
0 0 0 0 1 2 0 0 0 0 0
0 0 0 0 1 2 0 0 0 0 0
0 0 0 0 0 2 0 0 0 0 0
0 0 0 0 0 2 0 0 0 0 0
0 0 0 0 0 2 0 0 0 0 0
0 0 0 0 0 2 0 0 0 0 0
0 0 0 0 0 0 0 0 0 0 0
0 0 0 0 0 0 0 0 2 0 1
0 0 0 0 2 0 0 0 2 0 1
0 0 0 0 2 0 0 1 2 0 1
0 0 0 0 2 0 0 1 2 0 0
0 0 0 0 0 0 1 1 2 0 0
0 0 0 0 0 0 1 1 2 1 0
0 0 0 0 0 0 1 1 2 1 0
0 0 0 0 0 0 1 1 2 1 0
0 0 0 0 0 0 0 0 0 0 0
1 0 1 0 0 0 0 1 1 1 0
0 0 0 1 0 1 0 0 0 0 1
0 0 0 0 0 0 0 0 0 0 0
2 2 2 2 2 2 2 2 2 2 2
2 2 2 2 2 2 2 2 2 2 2
1 0 0 0 0 1 0 0 1 1 1
0 0 0 0 0 0 0 0 0 0 0
2 2 0 0 2 2 2 0 0 2 2
0 2 2 2 0 2 0 2 2 2 0
2 2 0 2 2 2 2 2 0 2 2
2 2 2 2 2 2 2 2 2 2 2
0 0 1 1 1 1 1 1 1 0 0
0 0 0 0 0 0 0 0 0 0 0
0 0 1 1 1 1 1 1 1 1 1
0 0 0 0 0 0 0 0 0 0 0
1 1 1 0 0 0 0 0 0 0 2
1 1 0 0 0 0 0 0 0 0 2
1 2 0 0 0 0 0 0 0 0 0
0 2 0 0 0 0 0 1 1 1 1
0 0 1 0 0 0 2 1 1 1 1
2 0 1 0 0 0 2 0 0 1 0
2 1 1 1 0 0 2 0 0 0 0
0 0 1 0 1 1 2 0 0 0 0
0 0 0 0 0 0 0 0 0 0 0
0 0 0 0 0 0 0 0 0 0 0
0 0 0 0 0 0 0 0 0 0 0
0 0 0 0 0 0 0 0 0 0 0
0 0 0 0 0 0 0 0 0 0 0
0 1 1 1 1 0 1 1 1 1 0
0 1 1 1 1 0 1 1 1 1 0
0 0 0 0 0 0 0 0 0 0 0
0 0 0 0 0 0 0 0 0 0 0
0 0 0 0 0 0 0 0 0 0 0
0 1 1 1 1 1 1 1 1 1 0
0 0 0 0 0 0 0 0 0 0 0
2 2 2 2 2 2 2 2 2 2 2
2 2 2 2 2 2 2 2 2 2 2
0 0 0 0 1 0 0 0 0 0 0
0 0 0 0 1 0 0 0 0 0 0
0 0 0 0 1 0 0 0 0 1 1
0 0 0 2 1 0 0 0 0 1 1
0 0 0 2 1 0 0 0 0 0 0
0 0 0 2 1 0 0 0 0 0 0
0 0 0 2 0 0 0 0 0 0 1
-1 -1 -1 -1 -1 -1 -1 -1 -1 -1 -1
-1 -1 -1 -1 -1 -1 -1 -1 -1 -1 -1
-1 -1 -1 -1 -1 -1 -1 -1 -1 -1 -1
-1 -1 -1 -1 -1 -1 -1 -1 -1 -1 -1
-1 -1 -1 -1 -1 -1 -1 -1 -1 -1 -1
-1 -1 -1 -1 -1 -1 -1 -1 -1 -1 -1
-1 -1 -1 -1 -1 -1 -1 -1 -1 -1 -1
-1 -1 -1 -1 -1 -1 -1 -1 -1 -1 -1
-1 -1 -1 -1 -1 -1 -1 -1 -1 -1 -1
-1 -1 -1 -1 -1 -1 -1 -1 -1 -1 -1
-1 -1 -1 -1 -1 -1 -1 -1 -1 -1 -1
-1 -1 -1 -1 -1 -1 -1 -1 -1 -1 -1
-1 -1 -1 -1 -1 -1 -1 -1 -1 -1 -1
27
115090
9 73 -1 4
9 61 2 2
0 0 0 0 0 0 0 0 0 0 0
0 0 0 0 1 0 0 0 0 0 0
0 1 0 1 0 0 0 0 0 0 0
1 1 0 0 0 0 0 0 0 0 0
0 0 0 0 0 1 0 0 1 0 0
0 0 0 0 0 0 0 0 0 0 0
2 2 2 2 2 2 2 2 2 2 2
0 0 0 1 0 0 1 0 1 1 1
1 1 0 0 0 1 1 1 1 0 1
0 0 0 0 0 0 0 0 0 0 0
1 0 0 0 1 1 0 0 1 0 0
0 1 0 0 0 1 0 0 0 0 0
0 0 0 0 1 0 0 0 0 0 1
0 0 0 0 0 0 0 0 0 0 0
2 2 2 2 2 2 0 2 2 2 2
2 2 2 2 2 2 2 2 2 2 2
2 2 2 2 0 2 0 2 2 2 2
0 0 0 0 0 0 0 0 0 2 1
0 0 0 0 1 1 0 0 0 2 0
0 0 0 0 1 1 0 0 0 0 0
0 0 0 0 1 2 0 0 0 0 0
0 0 0 0 1 2 0 0 0 0 0
0 0 0 0 0 2 0 0 0 0 0
0 0 0 0 0 2 0 0 0 0 0
0 0 0 0 0 2 0 0 0 0 0
0 0 0 0 0 2 0 0 0 0 0
0 0 0 0 0 0 0 0 0 0 0
0 0 0 0 0 0 0 0 2 0 1
0 0 0 0 2 0 0 0 2 0 1
0 0 0 0 2 0 0 1 2 0 1
0 0 0 0 2 0 0 1 2 0 0
0 0 0 0 0 0 1 1 2 0 0
0 0 0 0 0 0 1 1 2 1 0
0 0 0 0 0 0 1 1 2 1 0
0 0 0 0 0 0 1 1 2 1 0
0 0 0 0 0 0 0 0 0 0 0
1 0 1 0 0 0 0 1 1 1 0
0 0 0 1 0 1 0 0 0 0 1
0 0 0 0 0 0 0 0 0 0 0
2 2 2 2 2 2 2 2 2 2 2
2 2 2 2 2 2 2 2 2 2 2
1 0 0 0 0 1 0 0 1 1 1
0 0 0 0 0 0 0 0 0 0 0
2 2 0 0 2 2 2 0 0 2 2
0 2 2 2 0 2 0 2 2 2 0
2 2 0 2 2 2 2 2 0 2 2
2 2 2 2 2 2 2 2 2 2 2
0 0 1 1 1 1 1 1 1 0 0
0 0 0 0 0 0 0 0 0 0 0
0 0 1 1 1 1 1 1 1 1 1
0 0 0 0 0 0 0 0 0 0 0
1 1 1 0 0 0 0 0 0 0 2
1 1 0 0 0 0 0 0 0 0 2
1 2 0 0 0 0 0 0 0 0 0
0 2 0 0 0 0 0 1 1 1 1
0 0 1 0 0 0 2 1 1 1 1
2 0 1 0 0 0 2 0 0 1 0
2 1 1 1 0 0 2 0 0 0 0
0 0 1 0 1 1 2 0 0 0 0
0 0 0 0 0 0 0 0 0 0 0
0 0 0 0 0 0 0 0 0 0 0
0 0 0 0 0 0 0 0 0 0 0
0 0 0 0 0 0 0 0 0 0 0
0 0 0 0 0 0 0 0 0 0 0
0 1 1 1 1 0 1 1 1 1 0
0 1 1 1 1 0 1 1 1 1 0
0 0 0 0 0 0 0 0 0 0 0
0 0 0 0 0 0 0 0 0 0 0
0 0 0 0 0 0 0 0 0 0 0
0 1 1 1 1 1 1 1 1 1 0
0 0 0 0 0 0 0 0 0 0 0
2 2 2 2 2 2 2 2 2 2 2
2 2 2 2 2 2 2 2 2 2 2
0 0 0 0 1 0 0 0 0 0 0
0 0 0 0 1 0 0 0 0 0 0
0 0 0 0 1 0 0 0 0 1 1
0 0 0 2 1 0 0 0 0 1 1
0 0 0 2 1 0 0 0 0 0 0
0 0 0 2 1 0 0 0 0 0 0
0 0 0 2 0 0 0 0 0 0 1
0 0 0 2 0 0 0 0 0 0 1
0 0 0 0 0 0 0 0 0 0 0
0 0 0 0 2 0 2 0 0 0 0
0 0 0 0 2 0 2 0 0 0 0
-1 -1 -1 -1 -1 -1 -1 -1 -1 -1 -1
-1 -1 -1 -1 -1 -1 -1 -1 -1 -1 -1
-1 -1 -1 -1 -1 -1 -1 -1 -1 -1 -1
-1 -1 -1 -1 -1 -1 -1 -1 -1 -1 -1
-1 -1 -1 -1 -1 -1 -1 -1 -1 -1 -1
-1 -1 -1 -1 -1 -1 -1 -1 -1 -1 -1
-1 -1 -1 -1 -1 -1 -1 -1 -1 -1 -1
-1 -1 -1 -1 -1 -1 -1 -1 -1 -1 -1
-1 -1 -1 -1 -1 -1 -1 -1 -1 -1 -1
28
115020
7 78 -2 5
10 64 1 3
0 0 0 0 0 0 0 0 0 0 0
0 0 0 0 1 0 0 0 0 0 0
0 1 0 1 0 0 0 0 0 0 0
1 1 0 0 0 0 0 0 0 0 0
0 0 0 0 0 1 0 0 1 0 0
0 0 0 0 0 0 0 0 0 0 0
2 2 2 2 2 2 2 2 2 2 2
0 0 0 1 0 0 1 0 1 1 1
1 1 0 0 0 1 1 1 1 0 1
0 0 0 0 0 0 0 0 0 0 0
1 0 0 0 1 1 0 0 1 0 0
0 1 0 0 0 1 0 0 0 0 0
0 0 0 0 1 0 0 0 0 0 1
0 0 0 0 0 0 0 0 0 0 0
2 2 2 2 2 2 0 2 2 2 2
2 2 2 2 2 2 2 2 2 2 2
2 2 2 2 0 2 0 2 2 2 2
0 0 0 0 0 0 0 0 0 2 1
0 0 0 0 1 1 0 0 0 2 0
0 0 0 0 1 1 0 0 0 0 0
0 0 0 0 1 2 0 0 0 0 0
0 0 0 0 1 2 0 0 0 0 0
0 0 0 0 0 2 0 0 0 0 0
0 0 0 0 0 2 0 0 0 0 0
0 0 0 0 0 2 0 0 0 0 0
0 0 0 0 0 2 0 0 0 0 0
0 0 0 0 0 0 0 0 0 0 0
0 0 0 0 0 0 0 0 2 0 1
0 0 0 0 2 0 0 0 2 0 1
0 0 0 0 2 0 0 1 2 0 1
0 0 0 0 2 0 0 1 2 0 0
0 0 0 0 0 0 1 1 2 0 0
0 0 0 0 0 0 1 1 2 1 0
0 0 0 0 0 0 1 1 2 1 0
0 0 0 0 0 0 1 1 2 1 0
0 0 0 0 0 0 0 0 0 0 0
1 0 1 0 0 0 0 1 1 1 0
0 0 0 1 0 1 0 0 0 0 1
0 0 0 0 0 0 0 0 0 0 0
2 2 2 2 2 2 2 2 2 2 2
2 2 2 2 2 2 2 2 2 2 2
1 0 0 0 0 1 0 0 1 1 1
0 0 0 0 0 0 0 0 0 0 0
2 2 0 0 2 2 2 0 0 2 2
0 2 2 2 0 2 0 2 2 2 0
2 2 0 2 2 2 2 2 0 2 2
2 2 2 2 2 2 2 2 2 2 2
0 0 1 1 1 1 1 1 1 0 0
0 0 0 0 0 0 0 0 0 0 0
0 0 1 1 1 1 1 1 1 1 1
0 0 0 0 0 0 0 0 0 0 0
1 1 1 0 0 0 0 0 0 0 2
1 1 0 0 0 0 0 0 0 0 2
1 2 0 0 0 0 0 0 0 0 0
0 2 0 0 0 0 0 1 1 1 1
0 0 1 0 0 0 2 1 1 1 1
2 0 1 0 0 0 2 0 0 1 0
2 1 1 1 0 0 2 0 0 0 0
0 0 1 0 1 1 2 0 0 0 0
0 0 0 0 0 0 0 0 0 0 0
0 0 0 0 0 0 0 0 0 0 0
0 0 0 0 0 0 0 0 0 0 0
0 0 0 0 0 0 0 0 0 0 0
0 0 0 0 0 0 0 0 0 0 0
0 1 1 1 1 0 1 1 1 1 0
0 1 1 1 1 0 1 1 1 1 0
0 0 0 0 0 0 0 0 0 0 0
0 0 0 0 0 0 0 0 0 0 0
0 0 0 0 0 0 0 0 0 0 0
0 1 1 1 1 1 1 1 1 1 0
0 0 0 0 0 0 0 0 0 0 0
2 2 2 2 2 2 2 2 2 2 2
2 2 2 2 2 2 2 2 2 2 2
0 0 0 0 1 0 0 0 0 0 0
0 0 0 0 1 0 0 0 0 0 0
0 0 0 0 1 0 0 0 0 1 1
0 0 0 2 1 0 0 0 0 1 1
0 0 0 2 1 0 0 0 0 0 0
0 0 0 2 1 0 0 0 0 0 0
0 0 0 2 0 0 0 0 0 0 1
0 0 0 2 0 0 0 0 0 0 1
0 0 0 0 0 0 0 0 0 0 0
0 0 0 0 2 0 2 0 0 0 0
0 0 0 0 2 0 2 0 0 0 0
0 0 0 0 2 0 2 0 0 0 0
0 0 0 0 1 0 1 0 0 0 0
0 0 0 0 1 0 1 0 0 0 0
0 0 0 0 0 0 0 0 0 0 0
1 1 1 1 0 0 1 1 1 1 1
-1 -1 -1 -1 -1 -1 -1 -1 -1 -1 -1
-1 -1 -1 -1 -1 -1 -1 -1 -1 -1 -1
-1 -1 -1 -1 -1 -1 -1 -1 -1 -1 -1
-1 -1 -1 -1 -1 -1 -1 -1 -1 -1 -1
29
114942
5 84 -2 6
10 68 0 4
0 0 0 0 0 0 0 0 0 0 0
0 0 0 0 1 0 0 0 0 0 0
0 1 0 1 0 0 0 0 0 0 0
1 1 0 0 0 0 0 0 0 0 0
0 0 0 0 0 1 0 0 1 0 0
0 0 0 0 0 0 0 0 0 0 0
2 2 2 2 2 2 2 2 2 2 2
0 0 0 1 0 0 1 0 1 1 1
1 1 0 0 0 1 1 1 1 0 1
0 0 0 0 0 0 0 0 0 0 0
1 0 0 0 1 1 0 0 1 0 0
0 1 0 0 0 1 0 0 0 0 0
0 0 0 0 1 0 0 0 0 0 1
0 0 0 0 0 0 0 0 0 0 0
2 2 2 2 2 2 0 2 2 2 2
2 2 2 2 2 2 2 2 2 2 2
2 2 2 2 0 2 0 2 2 2 2
0 0 0 0 0 0 0 0 0 2 1
0 0 0 0 1 1 0 0 0 2 0
0 0 0 0 1 1 0 0 0 0 0
0 0 0 0 1 2 0 0 0 0 0
0 0 0 0 1 2 0 0 0 0 0
0 0 0 0 0 2 0 0 0 0 0
0 0 0 0 0 2 0 0 0 0 0
0 0 0 0 0 2 0 0 0 0 0
0 0 0 0 0 2 0 0 0 0 0
0 0 0 0 0 0 0 0 0 0 0
0 0 0 0 0 0 0 0 2 0 1
0 0 0 0 2 0 0 0 2 0 1
0 0 0 0 2 0 0 1 2 0 1
0 0 0 0 2 0 0 1 2 0 0
0 0 0 0 0 0 1 1 2 0 0
0 0 0 0 0 0 1 1 2 1 0
0 0 0 0 0 0 1 1 2 1 0
0 0 0 0 0 0 1 1 2 1 0
0 0 0 0 0 0 0 0 0 0 0
1 0 1 0 0 0 0 1 1 1 0
0 0 0 1 0 1 0 0 0 0 1
0 0 0 0 0 0 0 0 0 0 0
2 2 2 2 2 2 2 2 2 2 2
2 2 2 2 2 2 2 2 2 2 2
1 0 0 0 0 1 0 0 1 1 1
0 0 0 0 0 0 0 0 0 0 0
2 2 0 0 2 2 2 0 0 2 2
0 2 2 2 0 2 0 2 2 2 0
2 2 0 2 2 2 2 2 0 2 2
2 2 2 2 2 2 2 2 2 2 2
0 0 1 1 1 1 1 1 1 0 0
0 0 0 0 0 0 0 0 0 0 0
0 0 1 1 1 1 1 1 1 1 1
0 0 0 0 0 0 0 0 0 0 0
1 1 1 0 0 0 0 0 0 0 2
1 1 0 0 0 0 0 0 0 0 2
1 2 0 0 0 0 0 0 0 0 0
0 2 0 0 0 0 0 1 1 1 1
0 0 1 0 0 0 2 1 1 1 1
2 0 1 0 0 0 2 0 0 1 0
2 1 1 1 0 0 2 0 0 0 0
0 0 1 0 1 1 2 0 0 0 0
0 0 0 0 0 0 0 0 0 0 0
0 0 0 0 0 0 0 0 0 0 0
0 0 0 0 0 0 0 0 0 0 0
0 0 0 0 0 0 0 0 0 0 0
0 0 0 0 0 0 0 0 0 0 0
0 1 1 1 1 0 1 1 1 1 0
0 1 1 1 1 0 1 1 1 1 0
0 0 0 0 0 0 0 0 0 0 0
0 0 0 0 0 0 0 0 0 0 0
0 0 0 0 0 0 0 0 0 0 0
0 1 1 1 1 1 1 1 1 1 0
0 0 0 0 0 0 0 0 0 0 0
2 2 2 2 2 2 2 2 2 2 2
2 2 2 2 2 2 2 2 2 2 2
0 0 0 0 1 0 0 0 0 0 0
0 0 0 0 1 0 0 0 0 0 0
0 0 0 0 1 0 0 0 0 1 1
0 0 0 2 1 0 0 0 0 1 1
0 0 0 2 1 0 0 0 0 0 0
0 0 0 2 1 0 0 0 0 0 0
0 0 0 2 0 0 0 0 0 0 1
0 0 0 2 0 0 0 0 0 0 1
0 0 0 0 0 0 0 0 0 0 0
0 0 0 0 2 0 2 0 0 0 0
0 0 0 0 2 0 2 0 0 0 0
0 0 0 0 2 0 2 0 0 0 0
0 0 0 0 1 0 1 0 0 0 0
0 0 0 0 1 0 1 0 0 0 0
0 0 0 0 0 0 0 0 0 0 0
1 1 1 1 0 0 1 1 1 1 1
0 0 0 0 0 0 0 0 0 0 0
0 0 0 0 0 0 0 0 0 0 0
0 0 0 0 0 0 0 0 0 0 0
0 0 0 0 0 0 0 0 0 0 0
30
114888
4 91 -1 7
9 73 -1 5
0 0 0 0 0 0 0 0 0 0 0
0 0 0 0 1 0 0 0 0 0 0
0 1 0 1 0 0 0 0 0 0 0
1 1 0 0 0 0 0 0 0 0 0
0 0 0 0 0 1 0 0 1 0 0
0 0 0 0 0 0 0 0 0 0 0
2 2 2 2 2 2 2 2 2 2 2
0 0 0 1 0 0 1 0 1 1 1
1 1 0 0 0 1 1 1 1 0 1
0 0 0 0 0 0 0 0 0 0 0
1 0 0 0 1 1 0 0 1 0 0
0 1 0 0 0 1 0 0 0 0 0
0 0 0 0 1 0 0 0 0 0 1
0 0 0 0 0 0 0 0 0 0 0
2 2 2 2 2 2 0 2 2 2 2
2 2 2 2 2 2 2 2 2 2 2
2 2 2 2 0 2 0 2 2 2 2
0 0 0 0 0 0 0 0 0 2 1
0 0 0 0 1 1 0 0 0 2 0
0 0 0 0 1 1 0 0 0 0 0
0 0 0 0 1 2 0 0 0 0 0
0 0 0 0 1 2 0 0 0 0 0
0 0 0 0 0 2 0 0 0 0 0
0 0 0 0 0 2 0 0 0 0 0
0 0 0 0 0 2 0 0 0 0 0
0 0 0 0 0 2 0 0 0 0 0
0 0 0 0 0 0 0 0 0 0 0
0 0 0 0 0 0 0 0 2 0 1
0 0 0 0 2 0 0 0 2 0 1
0 0 0 0 2 0 0 1 2 0 1
0 0 0 0 2 0 0 1 2 0 0
0 0 0 0 0 0 1 1 2 0 0
0 0 0 0 0 0 1 1 2 1 0
0 0 0 0 0 0 1 1 2 1 0
0 0 0 0 0 0 1 1 2 1 0
0 0 0 0 0 0 0 0 0 0 0
1 0 1 0 0 0 0 1 1 1 0
0 0 0 1 0 1 0 0 0 0 1
0 0 0 0 0 0 0 0 0 0 0
2 2 2 2 2 2 2 2 2 2 2
2 2 2 2 2 2 2 2 2 2 2
1 0 0 0 0 1 0 0 1 1 1
0 0 0 0 0 0 0 0 0 0 0
2 2 0 0 2 2 2 0 0 2 2
0 2 2 2 0 2 0 2 2 2 0
2 2 0 2 2 2 2 2 0 2 2
2 2 2 2 2 2 2 2 2 2 2
0 0 1 1 1 1 1 1 1 0 0
0 0 0 0 0 0 0 0 0 0 0
0 0 1 1 1 1 1 1 1 1 1
0 0 0 0 0 0 0 0 0 0 0
1 1 1 0 0 0 0 0 0 0 2
1 1 0 0 0 0 0 0 0 0 2
1 2 0 0 0 0 0 0 0 0 0
0 2 0 0 0 0 0 1 1 1 1
0 0 1 0 0 0 2 1 1 1 1
2 0 1 0 0 0 2 0 0 1 0
2 1 1 1 0 0 2 0 0 0 0
0 0 1 0 1 1 2 0 0 0 0
0 0 0 0 0 0 0 0 0 0 0
0 0 0 0 0 0 0 0 0 0 0
0 0 0 0 0 0 0 0 0 0 0
0 0 0 0 0 0 0 0 0 0 0
0 0 0 0 0 0 0 0 0 0 0
0 1 1 1 1 0 1 1 1 1 0
0 1 1 1 1 0 1 1 1 1 0
0 0 0 0 0 0 0 0 0 0 0
0 0 0 0 0 0 0 0 0 0 0
0 0 0 0 0 0 0 0 0 0 0
0 1 1 1 1 1 1 1 1 1 0
0 0 0 0 0 0 0 0 0 0 0
2 2 2 2 2 2 2 2 2 2 2
2 2 2 2 2 2 2 2 2 2 2
0 0 0 0 1 0 0 0 0 0 0
0 0 0 0 1 0 0 0 0 0 0
0 0 0 0 1 0 0 0 0 1 1
0 0 0 2 1 0 0 0 0 1 1
0 0 0 2 1 0 0 0 0 0 0
0 0 0 2 1 0 0 0 0 0 0
0 0 0 2 0 0 0 0 0 0 1
0 0 0 2 0 0 0 0 0 0 1
0 0 0 0 0 0 0 0 0 0 0
0 0 0 0 2 0 2 0 0 0 0
0 0 0 0 2 0 2 0 0 0 0
0 0 0 0 2 0 2 0 0 0 0
0 0 0 0 1 0 1 0 0 0 0
0 0 0 0 1 0 1 0 0 0 0
0 0 0 0 0 0 0 0 0 0 0
1 1 1 1 0 0 1 1 1 1 1
0 0 0 0 0 0 0 0 0 0 0
0 0 0 0 0 0 0 0 0 0 0
0 0 0 0 0 0 0 0 0 0 0
0 0 0 0 0 0 0 0 0 0 0
