120000
93
11 93
11
0
120000
7 0 0 0
3 0 0 0
0 0 0 0 0 0 0 0 0 0 0
0 0 0 0 1 0 0 0 0 0 0
0 1 0 1 0 0 0 0 0 0 0
1 1 0 0 0 0 0 0 0 0 0
0 0 0 0 0 1 0 0 1 0 0
0 0 0 0 0 0 0 0 0 0 0
2 2 2 2 2 2 2 2 2 2 2
0 0 0 1 0 0 1 0 1 1 1
1 1 0 0 0 1 1 1 1 0 1
0 0 0 0 0 0 0 0 0 0 0
1 0 0 0 1 1 0 0 1 0 0
-1 -1 -1 -1 -1 -1 -1 -1 -1 -1 -1
-1 -1 -1 -1 -1 -1 -1 -1 -1 -1 -1
-1 -1 -1 -1 -1 -1 -1 -1 -1 -1 -1
-1 -1 -1 -1 -1 -1 -1 -1 -1 -1 -1
-1 -1 -1 -1 -1 -1 -1 -1 -1 -1 -1
-1 -1 -1 -1 -1 -1 -1 -1 -1 -1 -1
-1 -1 -1 -1 -1 -1 -1 -1 -1 -1 -1
-1 -1 -1 -1 -1 -1 -1 -1 -1 -1 -1
-1 -1 -1 -1 -1 -1 -1 -1 -1 -1 -1
-1 -1 -1 -1 -1 -1 -1 -1 -1 -1 -1
-1 -1 -1 -1 -1 -1 -1 -1 -1 -1 -1
-1 -1 -1 -1 -1 -1 -1 -1 -1 -1 -1
-1 -1 -1 -1 -1 -1 -1 -1 -1 -1 -1
-1 -1 -1 -1 -1 -1 -1 -1 -1 -1 -1
-1 -1 -1 -1 -1 -1 -1 -1 -1 -1 -1
-1 -1 -1 -1 -1 -1 -1 -1 -1 -1 -1
-1 -1 -1 -1 -1 -1 -1 -1 -1 -1 -1
-1 -1 -1 -1 -1 -1 -1 -1 -1 -1 -1
-1 -1 -1 -1 -1 -1 -1 -1 -1 -1 -1
-1 -1 -1 -1 -1 -1 -1 -1 -1 -1 -1
-1 -1 -1 -1 -1 -1 -1 -1 -1 -1 -1
-1 -1 -1 -1 -1 -1 -1 -1 -1 -1 -1
-1 -1 -1 -1 -1 -1 -1 -1 -1 -1 -1
-1 -1 -1 -1 -1 -1 -1 -1 -1 -1 -1
-1 -1 -1 -1 -1 -1 -1 -1 -1 -1 -1
-1 -1 -1 -1 -1 -1 -1 -1 -1 -1 -1
-1 -1 -1 -1 -1 -1 -1 -1 -1 -1 -1
-1 -1 -1 -1 -1 -1 -1 -1 -1 -1 -1
-1 -1 -1 -1 -1 -1 -1 -1 -1 -1 -1
-1 -1 -1 -1 -1 -1 -1 -1 -1 -1 -1
-1 -1 -1 -1 -1 -1 -1 -1 -1 -1 -1
-1 -1 -1 -1 -1 -1 -1 -1 -1 -1 -1
-1 -1 -1 -1 -1 -1 -1 -1 -1 -1 -1
-1 -1 -1 -1 -1 -1 -1 -1 -1 -1 -1
-1 -1 -1 -1 -1 -1 -1 -1 -1 -1 -1
-1 -1 -1 -1 -1 -1 -1 -1 -1 -1 -1
-1 -1 -1 -1 -1 -1 -1 -1 -1 -1 -1
-1 -1 -1 -1 -1 -1 -1 -1 -1 -1 -1
-1 -1 -1 -1 -1 -1 -1 -1 -1 -1 -1
-1 -1 -1 -1 -1 -1 -1 -1 -1 -1 -1
-1 -1 -1 -1 -1 -1 -1 -1 -1 -1 -1
-1 -1 -1 -1 -1 -1 -1 -1 -1 -1 -1
-1 -1 -1 -1 -1 -1 -1 -1 -1 -1 -1
-1 -1 -1 -1 -1 -1 -1 -1 -1 -1 -1
-1 -1 -1 -1 -1 -1 -1 -1 -1 -1 -1
-1 -1 -1 -1 -1 -1 -1 -1 -1 -1 -1
-1 -1 -1 -1 -1 -1 -1 -1 -1 -1 -1
-1 -1 -1 -1 -1 -1 -1 -1 -1 -1 -1
-1 -1 -1 -1 -1 -1 -1 -1 -1 -1 -1
-1 -1 -1 -1 -1 -1 -1 -1 -1 -1 -1
-1 -1 -1 -1 -1 -1 -1 -1 -1 -1 -1
-1 -1 -1 -1 -1 -1 -1 -1 -1 -1 -1
-1 -1 -1 -1 -1 -1 -1 -1 -1 -1 -1
-1 -1 -1 -1 -1 -1 -1 -1 -1 -1 -1
-1 -1 -1 -1 -1 -1 -1 -1 -1 -1 -1
-1 -1 -1 -1 -1 -1 -1 -1 -1 -1 -1
-1 -1 -1 -1 -1 -1 -1 -1 -1 -1 -1
-1 -1 -1 -1 -1 -1 -1 -1 -1 -1 -1
-1 -1 -1 -1 -1 -1 -1 -1 -1 -1 -1
-1 -1 -1 -1 -1 -1 -1 -1 -1 -1 -1
-1 -1 -1 -1 -1 -1 -1 -1 -1 -1 -1
-1 -1 -1 -1 -1 -1 -1 -1 -1 -1 -1
-1 -1 -1 -1 -1 -1 -1 -1 -1 -1 -1
-1 -1 -1 -1 -1 -1 -1 -1 -1 -1 -1
-1 -1 -1 -1 -1 -1 -1 -1 -1 -1 -1
-1 -1 -1 -1 -1 -1 -1 -1 -1 -1 -1
-1 -1 -1 -1 -1 -1 -1 -1 -1 -1 -1
-1 -1 -1 -1 -1 -1 -1 -1 -1 -1 -1
-1 -1 -1 -1 -1 -1 -1 -1 -1 -1 -1
-1 -1 -1 -1 -1 -1 -1 -1 -1 -1 -1
-1 -1 -1 -1 -1 -1 -1 -1 -1 -1 -1
-1 -1 -1 -1 -1 -1 -1 -1 -1 -1 -1
-1 -1 -1 -1 -1 -1 -1 -1 -1 -1 -1
-1 -1 -1 -1 -1 -1 -1 -1 -1 -1 -1
-1 -1 -1 -1 -1 -1 -1 -1 -1 -1 -1
-1 -1 -1 -1 -1 -1 -1 -1 -1 -1 -1
-1 -1 -1 -1 -1 -1 -1 -1 -1 -1 -1
-1 -1 -1 -1 -1 -1 -1 -1 -1 -1 -1
-1 -1 -1 -1 -1 -1 -1 -1 -1 -1 -1
-1 -1 -1 -1 -1 -1 -1 -1 -1 -1 -1
-1 -1 -1 -1 -1 -1 -1 -1 -1 -1 -1
-1 -1 -1 -1 -1 -1 -1 -1 -1 -1 -1
1
119762
6 1 -1 1
2 1 -1 1
0 0 0 0 0 0 0 0 0 0 0
0 0 0 0 1 0 0 0 0 0 0
0 1 0 1 0 0 0 0 0 0 0
1 1 0 0 0 0 0 0 0 0 0
0 0 0 0 0 1 0 0 1 0 0
0 0 0 0 0 0 0 0 0 0 0
2 2 2 2 2 2 2 2 2 2 2
0 0 0 1 0 0 1 0 1 1 1
1 1 0 0 0 1 1 1 1 0 1
0 0 0 0 0 0 0 0 0 0 0
1 0 0 0 1 1 0 0 1 0 0
0 1 0 0 0 1 0 0 0 0 0
-1 -1 -1 -1 -1 -1 -1 -1 -1 -1 -1
-1 -1 -1 -1 -1 -1 -1 -1 -1 -1 -1
-1 -1 -1 -1 -1 -1 -1 -1 -1 -1 -1
-1 -1 -1 -1 -1 -1 -1 -1 -1 -1 -1
-1 -1 -1 -1 -1 -1 -1 -1 -1 -1 -1
-1 -1 -1 -1 -1 -1 -1 -1 -1 -1 -1
-1 -1 -1 -1 -1 -1 -1 -1 -1 -1 -1
-1 -1 -1 -1 -1 -1 -1 -1 -1 -1 -1
-1 -1 -1 -1 -1 -1 -1 -1 -1 -1 -1
-1 -1 -1 -1 -1 -1 -1 -1 -1 -1 -1
-1 -1 -1 -1 -1 -1 -1 -1 -1 -1 -1
-1 -1 -1 -1 -1 -1 -1 -1 -1 -1 -1
-1 -1 -1 -1 -1 -1 -1 -1 -1 -1 -1
-1 -1 -1 -1 -1 -1 -1 -1 -1 -1 -1
-1 -1 -1 -1 -1 -1 -1 -1 -1 -1 -1
-1 -1 -1 -1 -1 -1 -1 -1 -1 -1 -1
-1 -1 -1 -1 -1 -1 -1 -1 -1 -1 -1
-1 -1 -1 -1 -1 -1 -1 -1 -1 -1 -1
-1 -1 -1 -1 -1 -1 -1 -1 -1 -1 -1
-1 -1 -1 -1 -1 -1 -1 -1 -1 -1 -1
-1 -1 -1 -1 -1 -1 -1 -1 -1 -1 -1
-1 -1 -1 -1 -1 -1 -1 -1 -1 -1 -1
-1 -1 -1 -1 -1 -1 -1 -1 -1 -1 -1
-1 -1 -1 -1 -1 -1 -1 -1 -1 -1 -1
-1 -1 -1 -1 -1 -1 -1 -1 -1 -1 -1
-1 -1 -1 -1 -1 -1 -1 -1 -1 -1 -1
-1 -1 -1 -1 -1 -1 -1 -1 -1 -1 -1
-1 -1 -1 -1 -1 -1 -1 -1 -1 -1 -1
-1 -1 -1 -1 -1 -1 -1 -1 -1 -1 -1
-1 -1 -1 -1 -1 -1 -1 -1 -1 -1 -1
-1 -1 -1 -1 -1 -1 -1 -1 -1 -1 -1
-1 -1 -1 -1 -1 -1 -1 -1 -1 -1 -1
-1 -1 -1 -1 -1 -1 -1 -1 -1 -1 -1
-1 -1 -1 -1 -1 -1 -1 -1 -1 -1 -1
-1 -1 -1 -1 -1 -1 -1 -1 -1 -1 -1
-1 -1 -1 -1 -1 -1 -1 -1 -1 -1 -1
-1 -1 -1 -1 -1 -1 -1 -1 -1 -1 -1
-1 -1 -1 -1 -1 -1 -1 -1 -1 -1 -1
-1 -1 -1 -1 -1 -1 -1 -1 -1 -1 -1
-1 -1 -1 -1 -1 -1 -1 -1 -1 -1 -1
-1 -1 -1 -1 -1 -1 -1 -1 -1 -1 -1
-1 -1 -1 -1 -1 -1 -1 -1 -1 -1 -1
-1 -1 -1 -1 -1 -1 -1 -1 -1 -1 -1
-1 -1 -1 -1 -1 -1 -1 -1 -1 -1 -1
-1 -1 -1 -1 -1 -1 -1 -1 -1 -1 -1
-1 -1 -1 -1 -1 -1 -1 -1 -1 -1 -1
-1 -1 -1 -1 -1 -1 -1 -1 -1 -1 -1
-1 -1 -1 -1 -1 -1 -1 -1 -1 -1 -1
-1 -1 -1 -1 -1 -1 -1 -1 -1 -1 -1
-1 -1 -1 -1 -1 -1 -1 -1 -1 -1 -1
-1 -1 -1 -1 -1 -1 -1 -1 -1 -1 -1
-1 -1 -1 -1 -1 -1 -1 -1 -1 -1 -1
-1 -1 -1 -1 -1 -1 -1 -1 -1 -1 -1
-1 -1 -1 -1 -1 -1 -1 -1 -1 -1 -1
-1 -1 -1 -1 -1 -1 -1 -1 -1 -1 -1
-1 -1 -1 -1 -1 -1 -1 -1 -1 -1 -1
-1 -1 -1 -1 -1 -1 -1 -1 -1 -1 -1
-1 -1 -1 -1 -1 -1 -1 -1 -1 -1 -1
-1 -1 -1 -1 -1 -1 -1 -1 -1 -1 -1
-1 -1 -1 -1 -1 -1 -1 -1 -1 -1 -1
-1 -1 -1 -1 -1 -1 -1 -1 -1 -1 -1
-1 -1 -1 -1 -1 -1 -1 -1 -1 -1 -1
-1 -1 -1 -1 -1 -1 -1 -1 -1 -1 -1
-1 -1 -1 -1 -1 -1 -1 -1 -1 -1 -1
-1 -1 -1 -1 -1 -1 -1 -1 -1 -1 -1
-1 -1 -1 -1 -1 -1 -1 -1 -1 -1 -1
-1 -1 -1 -1 -1 -1 -1 -1 -1 -1 -1
-1 -1 -1 -1 -1 -1 -1 -1 -1 -1 -1
-1 -1 -1 -1 -1 -1 -1 -1 -1 -1 -1
-1 -1 -1 -1 -1 -1 -1 -1 -1 -1 -1
-1 -1 -1 -1 -1 -1 -1 -1 -1 -1 -1
-1 -1 -1 -1 -1 -1 -1 -1 -1 -1 -1
-1 -1 -1 -1 -1 -1 -1 -1 -1 -1 -1
-1 -1 -1 -1 -1 -1 -1 -1 -1 -1 -1
-1 -1 -1 -1 -1 -1 -1 -1 -1 -1 -1
-1 -1 -1 -1 -1 -1 -1 -1 -1 -1 -1
-1 -1 -1 -1 -1 -1 -1 -1 -1 -1 -1
-1 -1 -1 -1 -1 -1 -1 -1 -1 -1 -1
-1 -1 -1 -1 -1 -1 -1 -1 -1 -1 -1
-1 -1 -1 -1 -1 -1 -1 -1 -1 -1 -1
-1 -1 -1 -1 -1 -1 -1 -1 -1 -1 -1
2
119596
4 3 -2 2
2 3 0 2
0 0 0 0 0 0 0 0 0 0 0
0 0 0 0 1 0 0 0 0 0 0
0 1 0 1 0 0 0 0 0 0 0
1 1 0 0 0 0 0 0 0 0 0
0 0 0 0 0 1 0 0 1 0 0
0 0 0 0 0 0 0 0 0 0 0
2 2 2 2 2 2 2 2 2 2 2
0 0 0 1 0 0 1 0 1 1 1
1 1 0 0 0 1 1 1 1 0 1
0 0 0 0 0 0 0 0 0 0 0
1 0 0 0 1 1 0 0 1 0 0
0 1 0 0 0 1 0 0 0 0 0
0 0 0 0 1 0 0 0 0 0 1
0 0 0 0 0 0 0 0 0 0 0
-1 -1 -1 -1 -1 -1 -1 -1 -1 -1 -1
-1 -1 -1 -1 -1 -1 -1 -1 -1 -1 -1
-1 -1 -1 -1 -1 -1 -1 -1 -1 -1 -1
-1 -1 -1 -1 -1 -1 -1 -1 -1 -1 -1
-1 -1 -1 -1 -1 -1 -1 -1 -1 -1 -1
-1 -1 -1 -1 -1 -1 -1 -1 -1 -1 -1
-1 -1 -1 -1 -1 -1 -1 -1 -1 -1 -1
-1 -1 -1 -1 -1 -1 -1 -1 -1 -1 -1
-1 -1 -1 -1 -1 -1 -1 -1 -1 -1 -1
-1 -1 -1 -1 -1 -1 -1 -1 -1 -1 -1
-1 -1 -1 -1 -1 -1 -1 -1 -1 -1 -1
-1 -1 -1 -1 -1 -1 -1 -1 -1 -1 -1
-1 -1 -1 -1 -1 -1 -1 -1 -1 -1 -1
-1 -1 -1 -1 -1 -1 -1 -1 -1 -1 -1
-1 -1 -1 -1 -1 -1 -1 -1 -1 -1 -1
-1 -1 -1 -1 -1 -1 -1 -1 -1 -1 -1
-1 -1 -1 -1 -1 -1 -1 -1 -1 -1 -1
-1 -1 -1 -1 -1 -1 -1 -1 -1 -1 -1
-1 -1 -1 -1 -1 -1 -1 -1 -1 -1 -1
-1 -1 -1 -1 -1 -1 -1 -1 -1 -1 -1
-1 -1 -1 -1 -1 -1 -1 -1 -1 -1 -1
-1 -1 -1 -1 -1 -1 -1 -1 -1 -1 -1
-1 -1 -1 -1 -1 -1 -1 -1 -1 -1 -1
-1 -1 -1 -1 -1 -1 -1 -1 -1 -1 -1
-1 -1 -1 -1 -1 -1 -1 -1 -1 -1 -1
-1 -1 -1 -1 -1 -1 -1 -1 -1 -1 -1
-1 -1 -1 -1 -1 -1 -1 -1 -1 -1 -1
-1 -1 -1 -1 -1 -1 -1 -1 -1 -1 -1
-1 -1 -1 -1 -1 -1 -1 -1 -1 -1 -1
-1 -1 -1 -1 -1 -1 -1 -1 -1 -1 -1
-1 -1 -1 -1 -1 -1 -1 -1 -1 -1 -1
-1 -1 -1 -1 -1 -1 -1 -1 -1 -1 -1
-1 -1 -1 -1 -1 -1 -1 -1 -1 -1 -1
-1 -1 -1 -1 -1 -1 -1 -1 -1 -1 -1
-1 -1 -1 -1 -1 -1 -1 -1 -1 -1 -1
-1 -1 -1 -1 -1 -1 -1 -1 -1 -1 -1
-1 -1 -1 -1 -1 -1 -1 -1 -1 -1 -1
-1 -1 -1 -1 -1 -1 -1 -1 -1 -1 -1
-1 -1 -1 -1 -1 -1 -1 -1 -1 -1 -1
-1 -1 -1 -1 -1 -1 -1 -1 -1 -1 -1
-1 -1 -1 -1 -1 -1 -1 -1 -1 -1 -1
-1 -1 -1 -1 -1 -1 -1 -1 -1 -1 -1
-1 -1 -1 -1 -1 -1 -1 -1 -1 -1 -1
-1 -1 -1 -1 -1 -1 -1 -1 -1 -1 -1
-1 -1 -1 -1 -1 -1 -1 -1 -1 -1 -1
-1 -1 -1 -1 -1 -1 -1 -1 -1 -1 -1
-1 -1 -1 -1 -1 -1 -1 -1 -1 -1 -1
-1 -1 -1 -1 -1 -1 -1 -1 -1 -1 -1
-1 -1 -1 -1 -1 -1 -1 -1 -1 -1 -1
-1 -1 -1 -1 -1 -1 -1 -1 -1 -1 -1
-1 -1 -1 -1 -1 -1 -1 -1 -1 -1 -1
-1 -1 -1 -1 -1 -1 -1 -1 -1 -1 -1
-1 -1 -1 -1 -1 -1 -1 -1 -1 -1 -1
-1 -1 -1 -1 -1 -1 -1 -1 -1 -1 -1
-1 -1 -1 -1 -1 -1 -1 -1 -1 -1 -1
-1 -1 -1 -1 -1 -1 -1 -1 -1 -1 -1
-1 -1 -1 -1 -1 -1 -1 -1 -1 -1 -1
-1 -1 -1 -1 -1 -1 -1 -1 -1 -1 -1
-1 -1 -1 -1 -1 -1 -1 -1 -1 -1 -1
-1 -1 -1 -1 -1 -1 -1 -1 -1 -1 -1
-1 -1 -1 -1 -1 -1 -1 -1 -1 -1 -1
-1 -1 -1 -1 -1 -1 -1 -1 -1 -1 -1
-1 -1 -1 -1 -1 -1 -1 -1 -1 -1 -1
-1 -1 -1 -1 -1 -1 -1 -1 -1 -1 -1
-1 -1 -1 -1 -1 -1 -1 -1 -1 -1 -1
-1 -1 -1 -1 -1 -1 -1 -1 -1 -1 -1
-1 -1 -1 -1 -1 -1 -1 -1 -1 -1 -1
-1 -1 -1 -1 -1 -1 -1 -1 -1 -1 -1
-1 -1 -1 -1 -1 -1 -1 -1 -1 -1 -1
-1 -1 -1 -1 -1 -1 -1 -1 -1 -1 -1
-1 -1 -1 -1 -1 -1 -1 -1 -1 -1 -1
-1 -1 -1 -1 -1 -1 -1 -1 -1 -1 -1
-1 -1 -1 -1 -1 -1 -1 -1 -1 -1 -1
-1 -1 -1 -1 -1 -1 -1 -1 -1 -1 -1
-1 -1 -1 -1 -1 -1 -1 -1 -1 -1 -1
-1 -1 -1 -1 -1 -1 -1 -1 -1 -1 -1
-1 -1 -1 -1 -1 -1 -1 -1 -1 -1 -1
-1 -1 -1 -1 -1 -1 -1 -1 -1 -1 -1
-1 -1 -1 -1 -1 -1 -1 -1 -1 -1 -1
3
119296
2 6 0 0
2 5 0 2
0 0 0 0 0 0 0 0 0 0 0
0 0 0 0 1 0 0 0 0 0 0
0 1 0 1 0 0 0 0 0 0 0
1 1 0 0 0 0 0 0 0 0 0
0 0 0 0 0 1 0 0 1 0 0
0 0 0 0 0 0 0 0 0 0 0
2 2 2 2 2 2 2 2 2 2 2
0 0 0 1 0 0 1 0 1 1 1
1 1 0 0 0 1 1 1 1 0 1
0 0 0 0 0 0 0 0 0 0 0
1 0 0 0 1 1 0 0 1 0 0
0 1 0 0 0 1 0 0 0 0 0
0 0 0 0 1 0 0 0 0 0 1
0 0 0 0 0 0 0 0 0 0 0
2 2 2 2 2 2 0 2 2 2 2
2 2 2 2 2 2 2 2 2 2 2
2 2 2 2 0 2 0 2 2 2 2
-1 -1 -1 -1 -1 -1 -1 -1 -1 -1 -1
-1 -1 -1 -1 -1 -1 -1 -1 -1 -1 -1
-1 -1 -1 -1 -1 -1 -1 -1 -1 -1 -1
-1 -1 -1 -1 -1 -1 -1 -1 -1 -1 -1
-1 -1 -1 -1 -1 -1 -1 -1 -1 -1 -1
-1 -1 -1 -1 -1 -1 -1 -1 -1 -1 -1
-1 -1 -1 -1 -1 -1 -1 -1 -1 -1 -1
-1 -1 -1 -1 -1 -1 -1 -1 -1 -1 -1
-1 -1 -1 -1 -1 -1 -1 -1 -1 -1 -1
-1 -1 -1 -1 -1 -1 -1 -1 -1 -1 -1
-1 -1 -1 -1 -1 -1 -1 -1 -1 -1 -1
-1 -1 -1 -1 -1 -1 -1 -1 -1 -1 -1
-1 -1 -1 -1 -1 -1 -1 -1 -1 -1 -1
-1 -1 -1 -1 -1 -1 -1 -1 -1 -1 -1
-1 -1 -1 -1 -1 -1 -1 -1 -1 -1 -1
-1 -1 -1 -1 -1 -1 -1 -1 -1 -1 -1
-1 -1 -1 -1 -1 -1 -1 -1 -1 -1 -1
-1 -1 -1 -1 -1 -1 -1 -1 -1 -1 -1
-1 -1 -1 -1 -1 -1 -1 -1 -1 -1 -1
-1 -1 -1 -1 -1 -1 -1 -1 -1 -1 -1
-1 -1 -1 -1 -1 -1 -1 -1 -1 -1 -1
-1 -1 -1 -1 -1 -1 -1 -1 -1 -1 -1
-1 -1 -1 -1 -1 -1 -1 -1 -1 -1 -1
-1 -1 -1 -1 -1 -1 -1 -1 -1 -1 -1
-1 -1 -1 -1 -1 -1 -1 -1 -1 -1 -1
-1 -1 -1 -1 -1 -1 -1 -1 -1 -1 -1
-1 -1 -1 -1 -1 -1 -1 -1 -1 -1 -1
-1 -1 -1 -1 -1 -1 -1 -1 -1 -1 -1
-1 -1 -1 -1 -1 -1 -1 -1 -1 -1 -1
-1 -1 -1 -1 -1 -1 -1 -1 -1 -1 -1
-1 -1 -1 -1 -1 -1 -1 -1 -1 -1 -1
-1 -1 -1 -1 -1 -1 -1 -1 -1 -1 -1
-1 -1 -1 -1 -1 -1 -1 -1 -1 -1 -1
-1 -1 -1 -1 -1 -1 -1 -1 -1 -1 -1
-1 -1 -1 -1 -1 -1 -1 -1 -1 -1 -1
-1 -1 -1 -1 -1 -1 -1 -1 -1 -1 -1
-1 -1 -1 -1 -1 -1 -1 -1 -1 -1 -1
-1 -1 -1 -1 -1 -1 -1 -1 -1 -1 -1
-1 -1 -1 -1 -1 -1 -1 -1 -1 -1 -1
-1 -1 -1 -1 -1 -1 -1 -1 -1 -1 -1
-1 -1 -1 -1 -1 -1 -1 -1 -1 -1 -1
-1 -1 -1 -1 -1 -1 -1 -1 -1 -1 -1
-1 -1 -1 -1 -1 -1 -1 -1 -1 -1 -1
-1 -1 -1 -1 -1 -1 -1 -1 -1 -1 -1
-1 -1 -1 -1 -1 -1 -1 -1 -1 -1 -1
-1 -1 -1 -1 -1 -1 -1 -1 -1 -1 -1
-1 -1 -1 -1 -1 -1 -1 -1 -1 -1 -1
-1 -1 -1 -1 -1 -1 -1 -1 -1 -1 -1
-1 -1 -1 -1 -1 -1 -1 -1 -1 -1 -1
-1 -1 -1 -1 -1 -1 -1 -1 -1 -1 -1
-1 -1 -1 -1 -1 -1 -1 -1 -1 -1 -1
-1 -1 -1 -1 -1 -1 -1 -1 -1 -1 -1
-1 -1 -1 -1 -1 -1 -1 -1 -1 -1 -1
-1 -1 -1 -1 -1 -1 -1 -1 -1 -1 -1
-1 -1 -1 -1 -1 -1 -1 -1 -1 -1 -1
-1 -1 -1 -1 -1 -1 -1 -1 -1 -1 -1
-1 -1 -1 -1 -1 -1 -1 -1 -1 -1 -1
-1 -1 -1 -1 -1 -1 -1 -1 -1 -1 -1
-1 -1 -1 -1 -1 -1 -1 -1 -1 -1 -1
-1 -1 -1 -1 -1 -1 -1 -1 -1 -1 -1
-1 -1 -1 -1 -1 -1 -1 -1 -1 -1 -1
-1 -1 -1 -1 -1 -1 -1 -1 -1 -1 -1
-1 -1 -1 -1 -1 -1 -1 -1 -1 -1 -1
-1 -1 -1 -1 -1 -1 -1 -1 -1 -1 -1
-1 -1 -1 -1 -1 -1 -1 -1 -1 -1 -1
-1 -1 -1 -1 -1 -1 -1 -1 -1 -1 -1
-1 -1 -1 -1 -1 -1 -1 -1 -1 -1 -1
-1 -1 -1 -1 -1 -1 -1 -1 -1 -1 -1
-1 -1 -1 -1 -1 -1 -1 -1 -1 -1 -1
-1 -1 -1 -1 -1 -1 -1 -1 -1 -1 -1
-1 -1 -1 -1 -1 -1 -1 -1 -1 -1 -1
-1 -1 -1 -1 -1 -1 -1 -1 -1 -1 -1
-1 -1 -1 -1 -1 -1 -1 -1 -1 -1 -1
-1 -1 -1 -1 -1 -1 -1 -1 -1 -1 -1
-1 -1 -1 -1 -1 -1 -1 -1 -1 -1 -1
-1 -1 -1 -1 -1 -1 -1 -1 -1 -1 -1
4
119168
2 7 0 1
2 5 0 0
0 0 0 0 0 0 0 0 0 0 0
0 0 0 0 1 0 0 0 0 0 0
0 1 0 1 0 0 0 0 0 0 0
1 1 0 0 0 0 0 0 0 0 0
0 0 0 0 0 1 0 0 1 0 0
0 0 0 0 0 0 0 0 0 0 0
2 2 2 2 2 2 2 2 2 2 2
0 0 0 1 0 0 1 0 1 1 1
1 1 0 0 0 1 1 1 1 0 1
0 0 0 0 0 0 0 0 0 0 0
1 0 0 0 1 1 0 0 1 0 0
0 1 0 0 0 1 0 0 0 0 0
0 0 0 0 1 0 0 0 0 0 1
0 0 0 0 0 0 0 0 0 0 0
2 2 2 2 2 2 0 2 2 2 2
2 2 2 2 2 2 2 2 2 2 2
2 2 2 2 0 2 0 2 2 2 2
0 0 0 0 0 0 0 0 0 2 1
-1 -1 -1 -1 -1 -1 -1 -1 -1 -1 -1
-1 -1 -1 -1 -1 -1 -1 -1 -1 -1 -1
-1 -1 -1 -1 -1 -1 -1 -1 -1 -1 -1
-1 -1 -1 -1 -1 -1 -1 -1 -1 -1 -1
-1 -1 -1 -1 -1 -1 -1 -1 -1 -1 -1
-1 -1 -1 -1 -1 -1 -1 -1 -1 -1 -1
-1 -1 -1 -1 -1 -1 -1 -1 -1 -1 -1
-1 -1 -1 -1 -1 -1 -1 -1 -1 -1 -1
-1 -1 -1 -1 -1 -1 -1 -1 -1 -1 -1
-1 -1 -1 -1 -1 -1 -1 -1 -1 -1 -1
-1 -1 -1 -1 -1 -1 -1 -1 -1 -1 -1
-1 -1 -1 -1 -1 -1 -1 -1 -1 -1 -1
-1 -1 -1 -1 -1 -1 -1 -1 -1 -1 -1
-1 -1 -1 -1 -1 -1 -1 -1 -1 -1 -1
-1 -1 -1 -1 -1 -1 -1 -1 -1 -1 -1
-1 -1 -1 -1 -1 -1 -1 -1 -1 -1 -1
-1 -1 -1 -1 -1 -1 -1 -1 -1 -1 -1
-1 -1 -1 -1 -1 -1 -1 -1 -1 -1 -1
-1 -1 -1 -1 -1 -1 -1 -1 -1 -1 -1
-1 -1 -1 -1 -1 -1 -1 -1 -1 -1 -1
-1 -1 -1 -1 -1 -1 -1 -1 -1 -1 -1
-1 -1 -1 -1 -1 -1 -1 -1 -1 -1 -1
-1 -1 -1 -1 -1 -1 -1 -1 -1 -1 -1
-1 -1 -1 -1 -1 -1 -1 -1 -1 -1 -1
-1 -1 -1 -1 -1 -1 -1 -1 -1 -1 -1
-1 -1 -1 -1 -1 -1 -1 -1 -1 -1 -1
-1 -1 -1 -1 -1 -1 -1 -1 -1 -1 -1
-1 -1 -1 -1 -1 -1 -1 -1 -1 -1 -1
-1 -1 -1 -1 -1 -1 -1 -1 -1 -1 -1
-1 -1 -1 -1 -1 -1 -1 -1 -1 -1 -1
-1 -1 -1 -1 -1 -1 -1 -1 -1 -1 -1
-1 -1 -1 -1 -1 -1 -1 -1 -1 -1 -1
-1 -1 -1 -1 -1 -1 -1 -1 -1 -1 -1
-1 -1 -1 -1 -1 -1 -1 -1 -1 -1 -1
-1 -1 -1 -1 -1 -1 -1 -1 -1 -1 -1
-1 -1 -1 -1 -1 -1 -1 -1 -1 -1 -1
-1 -1 -1 -1 -1 -1 -1 -1 -1 -1 -1
-1 -1 -1 -1 -1 -1 -1 -1 -1 -1 -1
-1 -1 -1 -1 -1 -1 -1 -1 -1 -1 -1
-1 -1 -1 -1 -1 -1 -1 -1 -1 -1 -1
-1 -1 -1 -1 -1 -1 -1 -1 -1 -1 -1
-1 -1 -1 -1 -1 -1 -1 -1 -1 -1 -1
-1 -1 -1 -1 -1 -1 -1 -1 -1 -1 -1
-1 -1 -1 -1 -1 -1 -1 -1 -1 -1 -1
-1 -1 -1 -1 -1 -1 -1 -1 -1 -1 -1
-1 -1 -1 -1 -1 -1 -1 -1 -1 -1 -1
-1 -1 -1 -1 -1 -1 -1 -1 -1 -1 -1
-1 -1 -1 -1 -1 -1 -1 -1 -1 -1 -1
-1 -1 -1 -1 -1 -1 -1 -1 -1 -1 -1
-1 -1 -1 -1 -1 -1 -1 -1 -1 -1 -1
-1 -1 -1 -1 -1 -1 -1 -1 -1 -1 -1
-1 -1 -1 -1 -1 -1 -1 -1 -1 -1 -1
-1 -1 -1 -1 -1 -1 -1 -1 -1 -1 -1
-1 -1 -1 -1 -1 -1 -1 -1 -1 -1 -1
-1 -1 -1 -1 -1 -1 -1 -1 -1 -1 -1
-1 -1 -1 -1 -1 -1 -1 -1 -1 -1 -1
-1 -1 -1 -1 -1 -1 -1 -1 -1 -1 -1
-1 -1 -1 -1 -1 -1 -1 -1 -1 -1 -1
-1 -1 -1 -1 -1 -1 -1 -1 -1 -1 -1
-1 -1 -1 -1 -1 -1 -1 -1 -1 -1 -1
-1 -1 -1 -1 -1 -1 -1 -1 -1 -1 -1
-1 -1 -1 -1 -1 -1 -1 -1 -1 -1 -1
-1 -1 -1 -1 -1 -1 -1 -1 -1 -1 -1
-1 -1 -1 -1 -1 -1 -1 -1 -1 -1 -1
-1 -1 -1 -1 -1 -1 -1 -1 -1 -1 -1
-1 -1 -1 -1 -1 -1 -1 -1 -1 -1 -1
-1 -1 -1 -1 -1 -1 -1 -1 -1 -1 -1
-1 -1 -1 -1 -1 -1 -1 -1 -1 -1 -1
-1 -1 -1 -1 -1 -1 -1 -1 -1 -1 -1
-1 -1 -1 -1 -1 -1 -1 -1 -1 -1 -1
-1 -1 -1 -1 -1 -1 -1 -1 -1 -1 -1
-1 -1 -1 -1 -1 -1 -1 -1 -1 -1 -1
-1 -1 -1 -1 -1 -1 -1 -1 -1 -1 -1
-1 -1 -1 -1 -1 -1 -1 -1 -1 -1 -1
-1 -1 -1 -1 -1 -1 -1 -1 -1 -1 -1
5
119048
3 9 1 2
3 6 0 0
0 0 0 0 0 0 0 0 0 0 0
0 0 0 0 1 0 0 0 0 0 0
0 1 0 1 0 0 0 0 0 0 0
1 1 0 0 0 0 0 0 0 0 0
0 0 0 0 0 1 0 0 1 0 0
0 0 0 0 0 0 0 0 0 0 0
2 2 2 2 2 2 2 2 2 2 2
0 0 0 1 0 0 1 0 1 1 1
1 1 0 0 0 1 1 1 1 0 1
0 0 0 0 0 0 0 0 0 0 0
1 0 0 0 1 1 0 0 1 0 0
0 1 0 0 0 1 0 0 0 0 0
0 0 0 0 1 0 0 0 0 0 1
0 0 0 0 0 0 0 0 0 0 0
2 2 2 2 2 2 0 2 2 2 2
2 2 2 2 2 2 2 2 2 2 2
2 2 2 2 0 2 0 2 2 2 2
0 0 0 0 0 0 0 0 0 2 1
0 0 0 0 1 1 0 0 0 2 0
0 0 0 0 1 1 0 0 0 0 0
-1 -1 -1 -1 -1 -1 -1 -1 -1 -1 -1
-1 -1 -1 -1 -1 -1 -1 -1 -1 -1 -1
-1 -1 -1 -1 -1 -1 -1 -1 -1 -1 -1
-1 -1 -1 -1 -1 -1 -1 -1 -1 -1 -1
-1 -1 -1 -1 -1 -1 -1 -1 -1 -1 -1
-1 -1 -1 -1 -1 -1 -1 -1 -1 -1 -1
-1 -1 -1 -1 -1 -1 -1 -1 -1 -1 -1
-1 -1 -1 -1 -1 -1 -1 -1 -1 -1 -1
-1 -1 -1 -1 -1 -1 -1 -1 -1 -1 -1
-1 -1 -1 -1 -1 -1 -1 -1 -1 -1 -1
-1 -1 -1 -1 -1 -1 -1 -1 -1 -1 -1
-1 -1 -1 -1 -1 -1 -1 -1 -1 -1 -1
-1 -1 -1 -1 -1 -1 -1 -1 -1 -1 -1
-1 -1 -1 -1 -1 -1 -1 -1 -1 -1 -1
-1 -1 -1 -1 -1 -1 -1 -1 -1 -1 -1
-1 -1 -1 -1 -1 -1 -1 -1 -1 -1 -1
-1 -1 -1 -1 -1 -1 -1 -1 -1 -1 -1
-1 -1 -1 -1 -1 -1 -1 -1 -1 -1 -1
-1 -1 -1 -1 -1 -1 -1 -1 -1 -1 -1
-1 -1 -1 -1 -1 -1 -1 -1 -1 -1 -1
-1 -1 -1 -1 -1 -1 -1 -1 -1 -1 -1
-1 -1 -1 -1 -1 -1 -1 -1 -1 -1 -1
-1 -1 -1 -1 -1 -1 -1 -1 -1 -1 -1
-1 -1 -1 -1 -1 -1 -1 -1 -1 -1 -1
-1 -1 -1 -1 -1 -1 -1 -1 -1 -1 -1
-1 -1 -1 -1 -1 -1 -1 -1 -1 -1 -1
-1 -1 -1 -1 -1 -1 -1 -1 -1 -1 -1
-1 -1 -1 -1 -1 -1 -1 -1 -1 -1 -1
-1 -1 -1 -1 -1 -1 -1 -1 -1 -1 -1
-1 -1 -1 -1 -1 -1 -1 -1 -1 -1 -1
-1 -1 -1 -1 -1 -1 -1 -1 -1 -1 -1
-1 -1 -1 -1 -1 -1 -1 -1 -1 -1 -1
-1 -1 -1 -1 -1 -1 -1 -1 -1 -1 -1
-1 -1 -1 -1 -1 -1 -1 -1 -1 -1 -1
-1 -1 -1 -1 -1 -1 -1 -1 -1 -1 -1
-1 -1 -1 -1 -1 -1 -1 -1 -1 -1 -1
-1 -1 -1 -1 -1 -1 -1 -1 -1 -1 -1
-1 -1 -1 -1 -1 -1 -1 -1 -1 -1 -1
-1 -1 -1 -1 -1 -1 -1 -1 -1 -1 -1
-1 -1 -1 -1 -1 -1 -1 -1 -1 -1 -1
-1 -1 -1 -1 -1 -1 -1 -1 -1 -1 -1
-1 -1 -1 -1 -1 -1 -1 -1 -1 -1 -1
-1 -1 -1 -1 -1 -1 -1 -1 -1 -1 -1
-1 -1 -1 -1 -1 -1 -1 -1 -1 -1 -1
-1 -1 -1 -1 -1 -1 -1 -1 -1 -1 -1
-1 -1 -1 -1 -1 -1 -1 -1 -1 -1 -1
-1 -1 -1 -1 -1 -1 -1 -1 -1 -1 -1
-1 -1 -1 -1 -1 -1 -1 -1 -1 -1 -1
-1 -1 -1 -1 -1 -1 -1 -1 -1 -1 -1
-1 -1 -1 -1 -1 -1 -1 -1 -1 -1 -1
-1 -1 -1 -1 -1 -1 -1 -1 -1 -1 -1
-1 -1 -1 -1 -1 -1 -1 -1 -1 -1 -1
-1 -1 -1 -1 -1 -1 -1 -1 -1 -1 -1
-1 -1 -1 -1 -1 -1 -1 -1 -1 -1 -1
-1 -1 -1 -1 -1 -1 -1 -1 -1 -1 -1
-1 -1 -1 -1 -1 -1 -1 -1 -1 -1 -1
-1 -1 -1 -1 -1 -1 -1 -1 -1 -1 -1
-1 -1 -1 -1 -1 -1 -1 -1 -1 -1 -1
-1 -1 -1 -1 -1 -1 -1 -1 -1 -1 -1
-1 -1 -1 -1 -1 -1 -1 -1 -1 -1 -1
-1 -1 -1 -1 -1 -1 -1 -1 -1 -1 -1
-1 -1 -1 -1 -1 -1 -1 -1 -1 -1 -1
-1 -1 -1 -1 -1 -1 -1 -1 -1 -1 -1
-1 -1 -1 -1 -1 -1 -1 -1 -1 -1 -1
-1 -1 -1 -1 -1 -1 -1 -1 -1 -1 -1
-1 -1 -1 -1 -1 -1 -1 -1 -1 -1 -1
-1 -1 -1 -1 -1 -1 -1 -1 -1 -1 -1
-1 -1 -1 -1 -1 -1 -1 -1 -1 -1 -1
-1 -1 -1 -1 -1 -1 -1 -1 -1 -1 -1
-1 -1 -1 -1 -1 -1 -1 -1 -1 -1 -1
-1 -1 -1 -1 -1 -1 -1 -1 -1 -1 -1
-1 -1 -1 -1 -1 -1 -1 -1 -1 -1 -1
-1 -1 -1 -1 -1 -1 -1 -1 -1 -1 -1
6
118810
3 12 0 3
2 6 0 0
0 0 0 0 0 0 0 0 0 0 0
0 0 0 0 1 0 0 0 0 0 0
0 1 0 1 0 0 0 0 0 0 0
1 1 0 0 0 0 0 0 0 0 0
0 0 0 0 0 1 0 0 1 0 0
0 0 0 0 0 0 0 0 0 0 0
2 2 2 2 2 2 2 2 2 2 2
0 0 0 1 0 0 1 0 1 1 1
1 1 0 0 0 1 1 1 1 0 1
0 0 0 0 0 0 0 0 0 0 0
1 0 0 0 1 1 0 0 1 0 0
0 1 0 0 0 1 0 0 0 0 0
0 0 0 0 1 0 0 0 0 0 1
0 0 0 0 0 0 0 0 0 0 0
2 2 2 2 2 2 0 2 2 2 2
2 2 2 2 2 2 2 2 2 2 2
2 2 2 2 0 2 0 2 2 2 2
0 0 0 0 0 0 0 0 0 2 1
0 0 0 0 1 1 0 0 0 2 0
0 0 0 0 1 1 0 0 0 0 0
0 0 0 0 1 2 0 0 0 0 0
0 0 0 0 1 2 0 0 0 0 0
0 0 0 0 0 2 0 0 0 0 0
-1 -1 -1 -1 -1 -1 -1 -1 -1 -1 -1
-1 -1 -1 -1 -1 -1 -1 -1 -1 -1 -1
-1 -1 -1 -1 -1 -1 -1 -1 -1 -1 -1
-1 -1 -1 -1 -1 -1 -1 -1 -1 -1 -1
-1 -1 -1 -1 -1 -1 -1 -1 -1 -1 -1
-1 -1 -1 -1 -1 -1 -1 -1 -1 -1 -1
-1 -1 -1 -1 -1 -1 -1 -1 -1 -1 -1
-1 -1 -1 -1 -1 -1 -1 -1 -1 -1 -1
-1 -1 -1 -1 -1 -1 -1 -1 -1 -1 -1
-1 -1 -1 -1 -1 -1 -1 -1 -1 -1 -1
-1 -1 -1 -1 -1 -1 -1 -1 -1 -1 -1
-1 -1 -1 -1 -1 -1 -1 -1 -1 -1 -1
-1 -1 -1 -1 -1 -1 -1 -1 -1 -1 -1
-1 -1 -1 -1 -1 -1 -1 -1 -1 -1 -1
-1 -1 -1 -1 -1 -1 -1 -1 -1 -1 -1
-1 -1 -1 -1 -1 -1 -1 -1 -1 -1 -1
-1 -1 -1 -1 -1 -1 -1 -1 -1 -1 -1
-1 -1 -1 -1 -1 -1 -1 -1 -1 -1 -1
-1 -1 -1 -1 -1 -1 -1 -1 -1 -1 -1
-1 -1 -1 -1 -1 -1 -1 -1 -1 -1 -1
-1 -1 -1 -1 -1 -1 -1 -1 -1 -1 -1
-1 -1 -1 -1 -1 -1 -1 -1 -1 -1 -1
-1 -1 -1 -1 -1 -1 -1 -1 -1 -1 -1
-1 -1 -1 -1 -1 -1 -1 -1 -1 -1 -1
-1 -1 -1 -1 -1 -1 -1 -1 -1 -1 -1
-1 -1 -1 -1 -1 -1 -1 -1 -1 -1 -1
-1 -1 -1 -1 -1 -1 -1 -1 -1 -1 -1
-1 -1 -1 -1 -1 -1 -1 -1 -1 -1 -1
-1 -1 -1 -1 -1 -1 -1 -1 -1 -1 -1
-1 -1 -1 -1 -1 -1 -1 -1 -1 -1 -1
-1 -1 -1 -1 -1 -1 -1 -1 -1 -1 -1
-1 -1 -1 -1 -1 -1 -1 -1 -1 -1 -1
-1 -1 -1 -1 -1 -1 -1 -1 -1 -1 -1
-1 -1 -1 -1 -1 -1 -1 -1 -1 -1 -1
-1 -1 -1 -1 -1 -1 -1 -1 -1 -1 -1
-1 -1 -1 -1 -1 -1 -1 -1 -1 -1 -1
-1 -1 -1 -1 -1 -1 -1 -1 -1 -1 -1
-1 -1 -1 -1 -1 -1 -1 -1 -1 -1 -1
-1 -1 -1 -1 -1 -1 -1 -1 -1 -1 -1
-1 -1 -1 -1 -1 -1 -1 -1 -1 -1 -1
-1 -1 -1 -1 -1 -1 -1 -1 -1 -1 -1
-1 -1 -1 -1 -1 -1 -1 -1 -1 -1 -1
-1 -1 -1 -1 -1 -1 -1 -1 -1 -1 -1
-1 -1 -1 -1 -1 -1 -1 -1 -1 -1 -1
-1 -1 -1 -1 -1 -1 -1 -1 -1 -1 -1
-1 -1 -1 -1 -1 -1 -1 -1 -1 -1 -1
-1 -1 -1 -1 -1 -1 -1 -1 -1 -1 -1
-1 -1 -1 -1 -1 -1 -1 -1 -1 -1 -1
-1 -1 -1 -1 -1 -1 -1 -1 -1 -1 -1
-1 -1 -1 -1 -1 -1 -1 -1 -1 -1 -1
-1 -1 -1 -1 -1 -1 -1 -1 -1 -1 -1
-1 -1 -1 -1 -1 -1 -1 -1 -1 -1 -1
-1 -1 -1 -1 -1 -1 -1 -1 -1 -1 -1
-1 -1 -1 -1 -1 -1 -1 -1 -1 -1 -1
-1 -1 -1 -1 -1 -1 -1 -1 -1 -1 -1
-1 -1 -1 -1 -1 -1 -1 -1 -1 -1 -1
-1 -1 -1 -1 -1 -1 -1 -1 -1 -1 -1
-1 -1 -1 -1 -1 -1 -1 -1 -1 -1 -1
-1 -1 -1 -1 -1 -1 -1 -1 -1 -1 -1
-1 -1 -1 -1 -1 -1 -1 -1 -1 -1 -1
-1 -1 -1 -1 -1 -1 -1 -1 -1 -1 -1
-1 -1 -1 -1 -1 -1 -1 -1 -1 -1 -1
-1 -1 -1 -1 -1 -1 -1 -1 -1 -1 -1
-1 -1 -1 -1 -1 -1 -1 -1 -1 -1 -1
-1 -1 -1 -1 -1 -1 -1 -1 -1 -1 -1
-1 -1 -1 -1 -1 -1 -1 -1 -1 -1 -1
-1 -1 -1 -1 -1 -1 -1 -1 -1 -1 -1
-1 -1 -1 -1 -1 -1 -1 -1 -1 -1 -1
-1 -1 -1 -1 -1 -1 -1 -1 -1 -1 -1
-1 -1 -1 -1 -1 -1 -1 -1 -1 -1 -1
7
118540
3 16 0 0
2 7 0 1
0 0 0 0 0 0 0 0 0 0 0
0 0 0 0 1 0 0 0 0 0 0
0 1 0 1 0 0 0 0 0 0 0
1 1 0 0 0 0 0 0 0 0 0
0 0 0 0 0 1 0 0 1 0 0
0 0 0 0 0 0 0 0 0 0 0
2 2 2 2 2 2 2 2 2 2 2
0 0 0 1 0 0 1 0 1 1 1
1 1 0 0 0 1 1 1 1 0 1
0 0 0 0 0 0 0 0 0 0 0
1 0 0 0 1 1 0 0 1 0 0
0 1 0 0 0 1 0 0 0 0 0
0 0 0 0 1 0 0 0 0 0 1
0 0 0 0 0 0 0 0 0 0 0
2 2 2 2 2 2 0 2 2 2 2
2 2 2 2 2 2 2 2 2 2 2
2 2 2 2 0 2 0 2 2 2 2
0 0 0 0 0 0 0 0 0 2 1
0 0 0 0 1 1 0 0 0 2 0
0 0 0 0 1 1 0 0 0 0 0
0 0 0 0 1 2 0 0 0 0 0
0 0 0 0 1 2 0 0 0 0 0
0 0 0 0 0 2 0 0 0 0 0
0 0 0 0 0 2 0 0 0 0 0
0 0 0 0 0 2 0 0 0 0 0
0 0 0 0 0 2 0 0 0 0 0
0 0 0 0 0 0 0 0 0 0 0
-1 -1 -1 -1 -1 -1 -1 -1 -1 -1 -1
-1 -1 -1 -1 -1 -1 -1 -1 -1 -1 -1
-1 -1 -1 -1 -1 -1 -1 -1 -1 -1 -1
-1 -1 -1 -1 -1 -1 -1 -1 -1 -1 -1
-1 -1 -1 -1 -1 -1 -1 -1 -1 -1 -1
-1 -1 -1 -1 -1 -1 -1 -1 -1 -1 -1
-1 -1 -1 -1 -1 -1 -1 -1 -1 -1 -1
-1 -1 -1 -1 -1 -1 -1 -1 -1 -1 -1
-1 -1 -1 -1 -1 -1 -1 -1 -1 -1 -1
-1 -1 -1 -1 -1 -1 -1 -1 -1 -1 -1
-1 -1 -1 -1 -1 -1 -1 -1 -1 -1 -1
-1 -1 -1 -1 -1 -1 -1 -1 -1 -1 -1
-1 -1 -1 -1 -1 -1 -1 -1 -1 -1 -1
-1 -1 -1 -1 -1 -1 -1 -1 -1 -1 -1
-1 -1 -1 -1 -1 -1 -1 -1 -1 -1 -1
-1 -1 -1 -1 -1 -1 -1 -1 -1 -1 -1
-1 -1 -1 -1 -1 -1 -1 -1 -1 -1 -1
-1 -1 -1 -1 -1 -1 -1 -1 -1 -1 -1
-1 -1 -1 -1 -1 -1 -1 -1 -1 -1 -1
-1 -1 -1 -1 -1 -1 -1 -1 -1 -1 -1
-1 -1 -1 -1 -1 -1 -1 -1 -1 -1 -1
-1 -1 -1 -1 -1 -1 -1 -1 -1 -1 -1
-1 -1 -1 -1 -1 -1 -1 -1 -1 -1 -1
-1 -1 -1 -1 -1 -1 -1 -1 -1 -1 -1
-1 -1 -1 -1 -1 -1 -1 -1 -1 -1 -1
-1 -1 -1 -1 -1 -1 -1 -1 -1 -1 -1
-1 -1 -1 -1 -1 -1 -1 -1 -1 -1 -1
-1 -1 -1 -1 -1 -1 -1 -1 -1 -1 -1
-1 -1 -1 -1 -1 -1 -1 -1 -1 -1 -1
-1 -1 -1 -1 -1 -1 -1 -1 -1 -1 -1
-1 -1 -1 -1 -1 -1 -1 -1 -1 -1 -1
-1 -1 -1 -1 -1 -1 -1 -1 -1 -1 -1
-1 -1 -1 -1 -1 -1 -1 -1 -1 -1 -1
-1 -1 -1 -1 -1 -1 -1 -1 -1 -1 -1
-1 -1 -1 -1 -1 -1 -1 -1 -1 -1 -1
-1 -1 -1 -1 -1 -1 -1 -1 -1 -1 -1
-1 -1 -1 -1 -1 -1 -1 -1 -1 -1 -1
-1 -1 -1 -1 -1 -1 -1 -1 -1 -1 -1
-1 -1 -1 -1 -1 -1 -1 -1 -1 -1 -1
-1 -1 -1 -1 -1 -1 -1 -1 -1 -1 -1
-1 -1 -1 -1 -1 -1 -1 -1 -1 -1 -1
-1 -1 -1 -1 -1 -1 -1 -1 -1 -1 -1
-1 -1 -1 -1 -1 -1 -1 -1 -1 -1 -1
-1 -1 -1 -1 -1 -1 -1 -1 -1 -1 -1
-1 -1 -1 -1 -1 -1 -1 -1 -1 -1 -1
-1 -1 -1 -1 -1 -1 -1 -1 -1 -1 -1
-1 -1 -1 -1 -1 -1 -1 -1 -1 -1 -1
-1 -1 -1 -1 -1 -1 -1 -1 -1 -1 -1
-1 -1 -1 -1 -1 -1 -1 -1 -1 -1 -1
-1 -1 -1 -1 -1 -1 -1 -1 -1 -1 -1
-1 -1 -1 -1 -1 -1 -1 -1 -1 -1 -1
-1 -1 -1 -1 -1 -1 -1 -1 -1 -1 -1
-1 -1 -1 -1 -1 -1 -1 -1 -1 -1 -1
-1 -1 -1 -1 -1 -1 -1 -1 -1 -1 -1
-1 -1 -1 -1 -1 -1 -1 -1 -1 -1 -1
-1 -1 -1 -1 -1 -1 -1 -1 -1 -1 -1
-1 -1 -1 -1 -1 -1 -1 -1 -1 -1 -1
-1 -1 -1 -1 -1 -1 -1 -1 -1 -1 -1
-1 -1 -1 -1 -1 -1 -1 -1 -1 -1 -1
-1 -1 -1 -1 -1 -1 -1 -1 -1 -1 -1
-1 -1 -1 -1 -1 -1 -1 -1 -1 -1 -1
-1 -1 -1 -1 -1 -1 -1 -1 -1 -1 -1
-1 -1 -1 -1 -1 -1 -1 -1 -1 -1 -1
-1 -1 -1 -1 -1 -1 -1 -1 -1 -1 -1
-1 -1 -1 -1 -1 -1 -1 -1 -1 -1 -1
-1 -1 -1 -1 -1 -1 -1 -1 -1 -1 -1
8
118342
2 17 -1 1
2 8 0 1
0 0 0 0 0 0 0 0 0 0 0
0 0 0 0 1 0 0 0 0 0 0
0 1 0 1 0 0 0 0 0 0 0
1 1 0 0 0 0 0 0 0 0 0
0 0 0 0 0 1 0 0 1 0 0
0 0 0 0 0 0 0 0 0 0 0
2 2 2 2 2 2 2 2 2 2 2
0 0 0 1 0 0 1 0 1 1 1
1 1 0 0 0 1 1 1 1 0 1
0 0 0 0 0 0 0 0 0 0 0
1 0 0 0 1 1 0 0 1 0 0
0 1 0 0 0 1 0 0 0 0 0
0 0 0 0 1 0 0 0 0 0 1
0 0 0 0 0 0 0 0 0 0 0
2 2 2 2 2 2 0 2 2 2 2
2 2 2 2 2 2 2 2 2 2 2
2 2 2 2 0 2 0 2 2 2 2
0 0 0 0 0 0 0 0 0 2 1
0 0 0 0 1 1 0 0 0 2 0
0 0 0 0 1 1 0 0 0 0 0
0 0 0 0 1 2 0 0 0 0 0
0 0 0 0 1 2 0 0 0 0 0
0 0 0 0 0 2 0 0 0 0 0
0 0 0 0 0 2 0 0 0 0 0
0 0 0 0 0 2 0 0 0 0 0
0 0 0 0 0 2 0 0 0 0 0
0 0 0 0 0 0 0 0 0 0 0
0 0 0 0 0 0 0 0 2 0 1
-1 -1 -1 -1 -1 -1 -1 -1 -1 -1 -1
-1 -1 -1 -1 -1 -1 -1 -1 -1 -1 -1
-1 -1 -1 -1 -1 -1 -1 -1 -1 -1 -1
-1 -1 -1 -1 -1 -1 -1 -1 -1 -1 -1
-1 -1 -1 -1 -1 -1 -1 -1 -1 -1 -1
-1 -1 -1 -1 -1 -1 -1 -1 -1 -1 -1
-1 -1 -1 -1 -1 -1 -1 -1 -1 -1 -1
-1 -1 -1 -1 -1 -1 -1 -1 -1 -1 -1
-1 -1 -1 -1 -1 -1 -1 -1 -1 -1 -1
-1 -1 -1 -1 -1 -1 -1 -1 -1 -1 -1
-1 -1 -1 -1 -1 -1 -1 -1 -1 -1 -1
-1 -1 -1 -1 -1 -1 -1 -1 -1 -1 -1
-1 -1 -1 -1 -1 -1 -1 -1 -1 -1 -1
-1 -1 -1 -1 -1 -1 -1 -1 -1 -1 -1
-1 -1 -1 -1 -1 -1 -1 -1 -1 -1 -1
-1 -1 -1 -1 -1 -1 -1 -1 -1 -1 -1
-1 -1 -1 -1 -1 -1 -1 -1 -1 -1 -1
-1 -1 -1 -1 -1 -1 -1 -1 -1 -1 -1
-1 -1 -1 -1 -1 -1 -1 -1 -1 -1 -1
-1 -1 -1 -1 -1 -1 -1 -1 -1 -1 -1
-1 -1 -1 -1 -1 -1 -1 -1 -1 -1 -1
-1 -1 -1 -1 -1 -1 -1 -1 -1 -1 -1
-1 -1 -1 -1 -1 -1 -1 -1 -1 -1 -1
-1 -1 -1 -1 -1 -1 -1 -1 -1 -1 -1
-1 -1 -1 -1 -1 -1 -1 -1 -1 -1 -1
-1 -1 -1 -1 -1 -1 -1 -1 -1 -1 -1
-1 -1 -1 -1 -1 -1 -1 -1 -1 -1 -1
-1 -1 -1 -1 -1 -1 -1 -1 -1 -1 -1
-1 -1 -1 -1 -1 -1 -1 -1 -1 -1 -1
-1 -1 -1 -1 -1 -1 -1 -1 -1 -1 -1
-1 -1 -1 -1 -1 -1 -1 -1 -1 -1 -1
-1 -1 -1 -1 -1 -1 -1 -1 -1 -1 -1
-1 -1 -1 -1 -1 -1 -1 -1 -1 -1 -1
-1 -1 -1 -1 -1 -1 -1 -1 -1 -1 -1
-1 -1 -1 -1 -1 -1 -1 -1 -1 -1 -1
-1 -1 -1 -1 -1 -1 -1 -1 -1 -1 -1
-1 -1 -1 -1 -1 -1 -1 -1 -1 -1 -1
-1 -1 -1 -1 -1 -1 -1 -1 -1 -1 -1
-1 -1 -1 -1 -1 -1 -1 -1 -1 -1 -1
-1 -1 -1 -1 -1 -1 -1 -1 -1 -1 -1
-1 -1 -1 -1 -1 -1 -1 -1 -1 -1 -1
-1 -1 -1 -1 -1 -1 -1 -1 -1 -1 -1
-1 -1 -1 -1 -1 -1 -1 -1 -1 -1 -1
-1 -1 -1 -1 -1 -1 -1 -1 -1 -1 -1
-1 -1 -1 -1 -1 -1 -1 -1 -1 -1 -1
-1 -1 -1 -1 -1 -1 -1 -1 -1 -1 -1
-1 -1 -1 -1 -1 -1 -1 -1 -1 -1 -1
-1 -1 -1 -1 -1 -1 -1 -1 -1 -1 -1
-1 -1 -1 -1 -1 -1 -1 -1 -1 -1 -1
-1 -1 -1 -1 -1 -1 -1 -1 -1 -1 -1
-1 -1 -1 -1 -1 -1 -1 -1 -1 -1 -1
-1 -1 -1 -1 -1 -1 -1 -1 -1 -1 -1
-1 -1 -1 -1 -1 -1 -1 -1 -1 -1 -1
-1 -1 -1 -1 -1 -1 -1 -1 -1 -1 -1
-1 -1 -1 -1 -1 -1 -1 -1 -1 -1 -1
-1 -1 -1 -1 -1 -1 -1 -1 -1 -1 -1
-1 -1 -1 -1 -1 -1 -1 -1 -1 -1 -1
-1 -1 -1 -1 -1 -1 -1 -1 -1 -1 -1
-1 -1 -1 -1 -1 -1 -1 -1 -1 -1 -1
-1 -1 -1 -1 -1 -1 -1 -1 -1 -1 -1
-1 -1 -1 -1 -1 -1 -1 -1 -1 -1 -1
-1 -1 -1 -1 -1 -1 -1 -1 -1 -1 -1
-1 -1 -1 -1 -1 -1 -1 -1 -1 -1 -1
-1 -1 -1 -1 -1 -1 -1 -1 -1 -1 -1
-1 -1 -1 -1 -1 -1 -1 -1 -1 -1 -1
9
118192
2 19 0 2
2 10 0 2
0 0 0 0 0 0 0 0 0 0 0
0 0 0 0 1 0 0 0 0 0 0
0 1 0 1 0 0 0 0 0 0 0
1 1 0 0 0 0 0 0 0 0 0
0 0 0 0 0 1 0 0 1 0 0
0 0 0 0 0 0 0 0 0 0 0
2 2 2 2 2 2 2 2 2 2 2
0 0 0 1 0 0 1 0 1 1 1
1 1 0 0 0 1 1 1 1 0 1
0 0 0 0 0 0 0 0 0 0 0
1 0 0 0 1 1 0 0 1 0 0
0 1 0 0 0 1 0 0 0 0 0
0 0 0 0 1 0 0 0 0 0 1
0 0 0 0 0 0 0 0 0 0 0
2 2 2 2 2 2 0 2 2 2 2
2 2 2 2 2 2 2 2 2 2 2
2 2 2 2 0 2 0 2 2 2 2
0 0 0 0 0 0 0 0 0 2 1
0 0 0 0 1 1 0 0 0 2 0
0 0 0 0 1 1 0 0 0 0 0
0 0 0 0 1 2 0 0 0 0 0
0 0 0 0 1 2 0 0 0 0 0
0 0 0 0 0 2 0 0 0 0 0
0 0 0 0 0 2 0 0 0 0 0
0 0 0 0 0 2 0 0 0 0 0
0 0 0 0 0 2 0 0 0 0 0
0 0 0 0 0 0 0 0 0 0 0
0 0 0 0 0 0 0 0 2 0 1
0 0 0 0 2 0 0 0 2 0 1
0 0 0 0 2 0 0 1 2 0 1
-1 -1 -1 -1 -1 -1 -1 -1 -1 -1 -1
-1 -1 -1 -1 -1 -1 -1 -1 -1 -1 -1
-1 -1 -1 -1 -1 -1 -1 -1 -1 -1 -1
-1 -1 -1 -1 -1 -1 -1 -1 -1 -1 -1
-1 -1 -1 -1 -1 -1 -1 -1 -1 -1 -1
-1 -1 -1 -1 -1 -1 -1 -1 -1 -1 -1
-1 -1 -1 -1 -1 -1 -1 -1 -1 -1 -1
-1 -1 -1 -1 -1 -1 -1 -1 -1 -1 -1
-1 -1 -1 -1 -1 -1 -1 -1 -1 -1 -1
-1 -1 -1 -1 -1 -1 -1 -1 -1 -1 -1
-1 -1 -1 -1 -1 -1 -1 -1 -1 -1 -1
-1 -1 -1 -1 -1 -1 -1 -1 -1 -1 -1
-1 -1 -1 -1 -1 -1 -1 -1 -1 -1 -1
-1 -1 -1 -1 -1 -1 -1 -1 -1 -1 -1
-1 -1 -1 -1 -1 -1 -1 -1 -1 -1 -1
-1 -1 -1 -1 -1 -1 -1 -1 -1 -1 -1
-1 -1 -1 -1 -1 -1 -1 -1 -1 -1 -1
-1 -1 -1 -1 -1 -1 -1 -1 -1 -1 -1
-1 -1 -1 -1 -1 -1 -1 -1 -1 -1 -1
-1 -1 -1 -1 -1 -1 -1 -1 -1 -1 -1
-1 -1 -1 -1 -1 -1 -1 -1 -1 -1 -1
-1 -1 -1 -1 -1 -1 -1 -1 -1 -1 -1
-1 -1 -1 -1 -1 -1 -1 -1 -1 -1 -1
-1 -1 -1 -1 -1 -1 -1 -1 -1 -1 -1
-1 -1 -1 -1 -1 -1 -1 -1 -1 -1 -1
-1 -1 -1 -1 -1 -1 -1 -1 -1 -1 -1
-1 -1 -1 -1 -1 -1 -1 -1 -1 -1 -1
-1 -1 -1 -1 -1 -1 -1 -1 -1 -1 -1
-1 -1 -1 -1 -1 -1 -1 -1 -1 -1 -1
-1 -1 -1 -1 -1 -1 -1 -1 -1 -1 -1
-1 -1 -1 -1 -1 -1 -1 -1 -1 -1 -1
-1 -1 -1 -1 -1 -1 -1 -1 -1 -1 -1
-1 -1 -1 -1 -1 -1 -1 -1 -1 -1 -1
-1 -1 -1 -1 -1 -1 -1 -1 -1 -1 -1
-1 -1 -1 -1 -1 -1 -1 -1 -1 -1 -1
-1 -1 -1 -1 -1 -1 -1 -1 -1 -1 -1
-1 -1 -1 -1 -1 -1 -1 -1 -1 -1 -1
-1 -1 -1 -1 -1 -1 -1 -1 -1 -1 -1
-1 -1 -1 -1 -1 -1 -1 -1 -1 -1 -1
-1 -1 -1 -1 -1 -1 -1 -1 -1 -1 -1
-1 -1 -1 -1 -1 -1 -1 -1 -1 -1 -1
-1 -1 -1 -1 -1 -1 -1 -1 -1 -1 -1
-1 -1 -1 -1 -1 -1 -1 -1 -1 -1 -1
-1 -1 -1 -1 -1 -1 -1 -1 -1 -1 -1
-1 -1 -1 -1 -1 -1 -1 -1 -1 -1 -1
-1 -1 -1 -1 -1 -1 -1 -1 -1 -1 -1
-1 -1 -1 -1 -1 -1 -1 -1 -1 -1 -1
-1 -1 -1 -1 -1 -1 -1 -1 -1 -1 -1
-1 -1 -1 -1 -1 -1 -1 -1 -1 -1 -1
-1 -1 -1 -1 -1 -1 -1 -1 -1 -1 -1
-1 -1 -1 -1 -1 -1 -1 -1 -1 -1 -1
-1 -1 -1 -1 -1 -1 -1 -1 -1 -1 -1
-1 -1 -1 -1 -1 -1 -1 -1 -1 -1 -1
-1 -1 -1 -1 -1 -1 -1 -1 -1 -1 -1
-1 -1 -1 -1 -1 -1 -1 -1 -1 -1 -1
-1 -1 -1 -1 -1 -1 -1 -1 -1 -1 -1
-1 -1 -1 -1 -1 -1 -1 -1 -1 -1 -1
-1 -1 -1 -1 -1 -1 -1 -1 -1 -1 -1
-1 -1 -1 -1 -1 -1 -1 -1 -1 -1 -1
-1 -1 -1 -1 -1 -1 -1 -1 -1 -1 -1
-1 -1 -1 -1 -1 -1 -1 -1 -1 -1 -1
-1 -1 -1 -1 -1 -1 -1 -1 -1 -1 -1
-1 -1 -1 -1 -1 -1 -1 -1 -1 -1 -1
10
117994
3 22 1 3
2 13 0 3
0 0 0 0 0 0 0 0 0 0 0
0 0 0 0 1 0 0 0 0 0 0
0 1 0 1 0 0 0 0 0 0 0
1 1 0 0 0 0 0 0 0 0 0
0 0 0 0 0 1 0 0 1 0 0
0 0 0 0 0 0 0 0 0 0 0
2 2 2 2 2 2 2 2 2 2 2
0 0 0 1 0 0 1 0 1 1 1
1 1 0 0 0 1 1 1 1 0 1
0 0 0 0 0 0 0 0 0 0 0
1 0 0 0 1 1 0 0 1 0 0
0 1 0 0 0 1 0 0 0 0 0
0 0 0 0 1 0 0 0 0 0 1
0 0 0 0 0 0 0 0 0 0 0
2 2 2 2 2 2 0 2 2 2 2
2 2 2 2 2 2 2 2 2 2 2
2 2 2 2 0 2 0 2 2 2 2
0 0 0 0 0 0 0 0 0 2 1
0 0 0 0 1 1 0 0 0 2 0
0 0 0 0 1 1 0 0 0 0 0
0 0 0 0 1 2 0 0 0 0 0
0 0 0 0 1 2 0 0 0 0 0
0 0 0 0 0 2 0 0 0 0 0
0 0 0 0 0 2 0 0 0 0 0
0 0 0 0 0 2 0 0 0 0 0
0 0 0 0 0 2 0 0 0 0 0
0 0 0 0 0 0 0 0 0 0 0
0 0 0 0 0 0 0 0 2 0 1
0 0 0 0 2 0 0 0 2 0 1
0 0 0 0 2 0 0 1 2 0 1
0 0 0 0 2 0 0 1 2 0 0
0 0 0 0 0 0 1 1 2 0 0
0 0 0 0 0 0 1 1 2 1 0
-1 -1 -1 -1 -1 -1 -1 -1 -1 -1 -1
-1 -1 -1 -1 -1 -1 -1 -1 -1 -1 -1
-1 -1 -1 -1 -1 -1 -1 -1 -1 -1 -1
-1 -1 -1 -1 -1 -1 -1 -1 -1 -1 -1
-1 -1 -1 -1 -1 -1 -1 -1 -1 -1 -1
-1 -1 -1 -1 -1 -1 -1 -1 -1 -1 -1
-1 -1 -1 -1 -1 -1 -1 -1 -1 -1 -1
-1 -1 -1 -1 -1 -1 -1 -1 -1 -1 -1
-1 -1 -1 -1 -1 -1 -1 -1 -1 -1 -1
-1 -1 -1 -1 -1 -1 -1 -1 -1 -1 -1
-1 -1 -1 -1 -1 -1 -1 -1 -1 -1 -1
-1 -1 -1 -1 -1 -1 -1 -1 -1 -1 -1
-1 -1 -1 -1 -1 -1 -1 -1 -1 -1 -1
-1 -1 -1 -1 -1 -1 -1 -1 -1 -1 -1
-1 -1 -1 -1 -1 -1 -1 -1 -1 -1 -1
-1 -1 -1 -1 -1 -1 -1 -1 -1 -1 -1
-1 -1 -1 -1 -1 -1 -1 -1 -1 -1 -1
-1 -1 -1 -1 -1 -1 -1 -1 -1 -1 -1
-1 -1 -1 -1 -1 -1 -1 -1 -1 -1 -1
-1 -1 -1 -1 -1 -1 -1 -1 -1 -1 -1
-1 -1 -1 -1 -1 -1 -1 -1 -1 -1 -1
-1 -1 -1 -1 -1 -1 -1 -1 -1 -1 -1
-1 -1 -1 -1 -1 -1 -1 -1 -1 -1 -1
-1 -1 -1 -1 -1 -1 -1 -1 -1 -1 -1
-1 -1 -1 -1 -1 -1 -1 -1 -1 -1 -1
-1 -1 -1 -1 -1 -1 -1 -1 -1 -1 -1
-1 -1 -1 -1 -1 -1 -1 -1 -1 -1 -1
-1 -1 -1 -1 -1 -1 -1 -1 -1 -1 -1
-1 -1 -1 -1 -1 -1 -1 -1 -1 -1 -1
-1 -1 -1 -1 -1 -1 -1 -1 -1 -1 -1
-1 -1 -1 -1 -1 -1 -1 -1 -1 -1 -1
-1 -1 -1 -1 -1 -1 -1 -1 -1 -1 -1
-1 -1 -1 -1 -1 -1 -1 -1 -1 -1 -1
-1 -1 -1 -1 -1 -1 -1 -1 -1 -1 -1
-1 -1 -1 -1 -1 -1 -1 -1 -1 -1 -1
-1 -1 -1 -1 -1 -1 -1 -1 -1 -1 -1
-1 -1 -1 -1 -1 -1 -1 -1 -1 -1 -1
-1 -1 -1 -1 -1 -1 -1 -1 -1 -1 -1
-1 -1 -1 -1 -1 -1 -1 -1 -1 -1 -1
-1 -1 -1 -1 -1 -1 -1 -1 -1 -1 -1
-1 -1 -1 -1 -1 -1 -1 -1 -1 -1 -1
-1 -1 -1 -1 -1 -1 -1 -1 -1 -1 -1
-1 -1 -1 -1 -1 -1 -1 -1 -1 -1 -1
-1 -1 -1 -1 -1 -1 -1 -1 -1 -1 -1
-1 -1 -1 -1 -1 -1 -1 -1 -1 -1 -1
-1 -1 -1 -1 -1 -1 -1 -1 -1 -1 -1
-1 -1 -1 -1 -1 -1 -1 -1 -1 -1 -1
-1 -1 -1 -1 -1 -1 -1 -1 -1 -1 -1
-1 -1 -1 -1 -1 -1 -1 -1 -1 -1 -1
-1 -1 -1 -1 -1 -1 -1 -1 -1 -1 -1
-1 -1 -1 -1 -1 -1 -1 -1 -1 -1 -1
-1 -1 -1 -1 -1 -1 -1 -1 -1 -1 -1
-1 -1 -1 -1 -1 -1 -1 -1 -1 -1 -1
-1 -1 -1 -1 -1 -1 -1 -1 -1 -1 -1
-1 -1 -1 -1 -1 -1 -1 -1 -1 -1 -1
-1 -1 -1 -1 -1 -1 -1 -1 -1 -1 -1
-1 -1 -1 -1 -1 -1 -1 -1 -1 -1 -1
-1 -1 -1 -1 -1 -1 -1 -1 -1 -1 -1
-1 -1 -1 -1 -1 -1 -1 -1 -1 -1 -1
-1 -1 -1 -1 -1 -1 -1 -1 -1 -1 -1
11
117732
3 26 0 4
1 17 -1 4
0 0 0 0 0 0 0 0 0 0 0
0 0 0 0 1 0 0 0 0 0 0
0 1 0 1 0 0 0 0 0 0 0
1 1 0 0 0 0 0 0 0 0 0
0 0 0 0 0 1 0 0 1 0 0
0 0 0 0 0 0 0 0 0 0 0
2 2 2 2 2 2 2 2 2 2 2
0 0 0 1 0 0 1 0 1 1 1
1 1 0 0 0 1 1 1 1 0 1
0 0 0 0 0 0 0 0 0 0 0
1 0 0 0 1 1 0 0 1 0 0
0 1 0 0 0 1 0 0 0 0 0
0 0 0 0 1 0 0 0 0 0 1
0 0 0 0 0 0 0 0 0 0 0
2 2 2 2 2 2 0 2 2 2 2
2 2 2 2 2 2 2 2 2 2 2
2 2 2 2 0 2 0 2 2 2 2
0 0 0 0 0 0 0 0 0 2 1
0 0 0 0 1 1 0 0 0 2 0
0 0 0 0 1 1 0 0 0 0 0
0 0 0 0 1 2 0 0 0 0 0
0 0 0 0 1 2 0 0 0 0 0
0 0 0 0 0 2 0 0 0 0 0
0 0 0 0 0 2 0 0 0 0 0
0 0 0 0 0 2 0 0 0 0 0
0 0 0 0 0 2 0 0 0 0 0
0 0 0 0 0 0 0 0 0 0 0
0 0 0 0 0 0 0 0 2 0 1
0 0 0 0 2 0 0 0 2 0 1
0 0 0 0 2 0 0 1 2 0 1
0 0 0 0 2 0 0 1 2 0 0
0 0 0 0 0 0 1 1 2 0 0
0 0 0 0 0 0 1 1 2 1 0
0 0 0 0 0 0 1 1 2 1 0
0 0 0 0 0 0 1 1 2 1 0
0 0 0 0 0 0 0 0 0 0 0
1 0 1 0 0 0 0 1 1 1 0
-1 -1 -1 -1 -1 -1 -1 -1 -1 -1 -1
-1 -1 -1 -1 -1 -1 -1 -1 -1 -1 -1
-1 -1 -1 -1 -1 -1 -1 -1 -1 -1 -1
-1 -1 -1 -1 -1 -1 -1 -1 -1 -1 -1
-1 -1 -1 -1 -1 -1 -1 -1 -1 -1 -1
-1 -1 -1 -1 -1 -1 -1 -1 -1 -1 -1
-1 -1 -1 -1 -1 -1 -1 -1 -1 -1 -1
-1 -1 -1 -1 -1 -1 -1 -1 -1 -1 -1
-1 -1 -1 -1 -1 -1 -1 -1 -1 -1 -1
-1 -1 -1 -1 -1 -1 -1 -1 -1 -1 -1
-1 -1 -1 -1 -1 -1 -1 -1 -1 -1 -1
-1 -1 -1 -1 -1 -1 -1 -1 -1 -1 -1
-1 -1 -1 -1 -1 -1 -1 -1 -1 -1 -1
-1 -1 -1 -1 -1 -1 -1 -1 -1 -1 -1
-1 -1 -1 -1 -1 -1 -1 -1 -1 -1 -1
-1 -1 -1 -1 -1 -1 -1 -1 -1 -1 -1
-1 -1 -1 -1 -1 -1 -1 -1 -1 -1 -1
-1 -1 -1 -1 -1 -1 -1 -1 -1 -1 -1
-1 -1 -1 -1 -1 -1 -1 -1 -1 -1 -1
-1 -1 -1 -1 -1 -1 -1 -1 -1 -1 -1
-1 -1 -1 -1 -1 -1 -1 -1 -1 -1 -1
-1 -1 -1 -1 -1 -1 -1 -1 -1 -1 -1
-1 -1 -1 -1 -1 -1 -1 -1 -1 -1 -1
-1 -1 -1 -1 -1 -1 -1 -1 -1 -1 -1
-1 -1 -1 -1 -1 -1 -1 -1 -1 -1 -1
-1 -1 -1 -1 -1 -1 -1 -1 -1 -1 -1
-1 -1 -1 -1 -1 -1 -1 -1 -1 -1 -1
-1 -1 -1 -1 -1 -1 -1 -1 -1 -1 -1
-1 -1 -1 -1 -1 -1 -1 -1 -1 -1 -1
-1 -1 -1 -1 -1 -1 -1 -1 -1 -1 -1
-1 -1 -1 -1 -1 -1 -1 -1 -1 -1 -1
-1 -1 -1 -1 -1 -1 -1 -1 -1 -1 -1
-1 -1 -1 -1 -1 -1 -1 -1 -1 -1 -1
-1 -1 -1 -1 -1 -1 -1 -1 -1 -1 -1
-1 -1 -1 -1 -1 -1 -1 -1 -1 -1 -1
-1 -1 -1 -1 -1 -1 -1 -1 -1 -1 -1
-1 -1 -1 -1 -1 -1 -1 -1 -1 -1 -1
-1 -1 -1 -1 -1 -1 -1 -1 -1 -1 -1
-1 -1 -1 -1 -1 -1 -1 -1 -1 -1 -1
-1 -1 -1 -1 -1 -1 -1 -1 -1 -1 -1
-1 -1 -1 -1 -1 -1 -1 -1 -1 -1 -1
-1 -1 -1 -1 -1 -1 -1 -1 -1 -1 -1
-1 -1 -1 -1 -1 -1 -1 -1 -1 -1 -1
-1 -1 -1 -1 -1 -1 -1 -1 -1 -1 -1
-1 -1 -1 -1 -1 -1 -1 -1 -1 -1 -1
-1 -1 -1 -1 -1 -1 -1 -1 -1 -1 -1
-1 -1 -1 -1 -1 -1 -1 -1 -1 -1 -1
-1 -1 -1 -1 -1 -1 -1 -1 -1 -1 -1
-1 -1 -1 -1 -1 -1 -1 -1 -1 -1 -1
-1 -1 -1 -1 -1 -1 -1 -1 -1 -1 -1
-1 -1 -1 -1 -1 -1 -1 -1 -1 -1 -1
-1 -1 -1 -1 -1 -1 -1 -1 -1 -1 -1
-1 -1 -1 -1 -1 -1 -1 -1 -1 -1 -1
-1 -1 -1 -1 -1 -1 -1 -1 -1 -1 -1
-1 -1 -1 -1 -1 -1 -1 -1 -1 -1 -1
-1 -1 -1 -1 -1 -1 -1 -1 -1 -1 -1
12
117638
4 31 1 5
0 22 -1 5
0 0 0 0 0 0 0 0 0 0 0
0 0 0 0 1 0 0 0 0 0 0
0 1 0 1 0 0 0 0 0 0 0
1 1 0 0 0 0 0 0 0 0 0
0 0 0 0 0 1 0 0 1 0 0
0 0 0 0 0 0 0 0 0 0 0
2 2 2 2 2 2 2 2 2 2 2
0 0 0 1 0 0 1 0 1 1 1
1 1 0 0 0 1 1 1 1 0 1
0 0 0 0 0 0 0 0 0 0 0
1 0 0 0 1 1 0 0 1 0 0
0 1 0 0 0 1 0 0 0 0 0
0 0 0 0 1 0 0 0 0 0 1
0 0 0 0 0 0 0 0 0 0 0
2 2 2 2 2 2 0 2 2 2 2
2 2 2 2 2 2 2 2 2 2 2
2 2 2 2 0 2 0 2 2 2 2
0 0 0 0 0 0 0 0 0 2 1
0 0 0 0 1 1 0 0 0 2 0
0 0 0 0 1 1 0 0 0 0 0
0 0 0 0 1 2 0 0 0 0 0
0 0 0 0 1 2 0 0 0 0 0
0 0 0 0 0 2 0 0 0 0 0
0 0 0 0 0 2 0 0 0 0 0
0 0 0 0 0 2 0 0 0 0 0
0 0 0 0 0 2 0 0 0 0 0
0 0 0 0 0 0 0 0 0 0 0
0 0 0 0 0 0 0 0 2 0 1
0 0 0 0 2 0 0 0 2 0 1
0 0 0 0 2 0 0 1 2 0 1
0 0 0 0 2 0 0 1 2 0 0
0 0 0 0 0 0 1 1 2 0 0
0 0 0 0 0 0 1 1 2 1 0
0 0 0 0 0 0 1 1 2 1 0
0 0 0 0 0 0 1 1 2 1 0
0 0 0 0 0 0 0 0 0 0 0
1 0 1 0 0 0 0 1 1 1 0
0 0 0 1 0 1 0 0 0 0 1
0 0 0 0 0 0 0 0 0 0 0
2 2 2 2 2 2 2 2 2 2 2
2 2 2 2 2 2 2 2 2 2 2
1 0 0 0 0 1 0 0 1 1 1
-1 -1 -1 -1 -1 -1 -1 -1 -1 -1 -1
-1 -1 -1 -1 -1 -1 -1 -1 -1 -1 -1
-1 -1 -1 -1 -1 -1 -1 -1 -1 -1 -1
-1 -1 -1 -1 -1 -1 -1 -1 -1 -1 -1
-1 -1 -1 -1 -1 -1 -1 -1 -1 -1 -1
-1 -1 -1 -1 -1 -1 -1 -1 -1 -1 -1
-1 -1 -1 -1 -1 -1 -1 -1 -1 -1 -1
-1 -1 -1 -1 -1 -1 -1 -1 -1 -1 -1
-1 -1 -1 -1 -1 -1 -1 -1 -1 -1 -1
-1 -1 -1 -1 -1 -1 -1 -1 -1 -1 -1
-1 -1 -1 -1 -1 -1 -1 -1 -1 -1 -1
-1 -1 -1 -1 -1 -1 -1 -1 -1 -1 -1
-1 -1 -1 -1 -1 -1 -1 -1 -1 -1 -1
-1 -1 -1 -1 -1 -1 -1 -1 -1 -1 -1
-1 -1 -1 -1 -1 -1 -1 -1 -1 -1 -1
-1 -1 -1 -1 -1 -1 -1 -1 -1 -1 -1
-1 -1 -1 -1 -1 -1 -1 -1 -1 -1 -1
-1 -1 -1 -1 -1 -1 -1 -1 -1 -1 -1
-1 -1 -1 -1 -1 -1 -1 -1 -1 -1 -1
-1 -1 -1 -1 -1 -1 -1 -1 -1 -1 -1
-1 -1 -1 -1 -1 -1 -1 -1 -1 -1 -1
-1 -1 -1 -1 -1 -1 -1 -1 -1 -1 -1
-1 -1 -1 -1 -1 -1 -1 -1 -1 -1 -1
-1 -1 -1 -1 -1 -1 -1 -1 -1 -1 -1
-1 -1 -1 -1 -1 -1 -1 -1 -1 -1 -1
-1 -1 -1 -1 -1 -1 -1 -1 -1 -1 -1
-1 -1 -1 -1 -1 -1 -1 -1 -1 -1 -1
-1 -1 -1 -1 -1 -1 -1 -1 -1 -1 -1
-1 -1 -1 -1 -1 -1 -1 -1 -1 -1 -1
-1 -1 -1 -1 -1 -1 -1 -1 -1 -1 -1
-1 -1 -1 -1 -1 -1 -1 -1 -1 -1 -1
-1 -1 -1 -1 -1 -1 -1 -1 -1 -1 -1
-1 -1 -1 -1 -1 -1 -1 -1 -1 -1 -1
-1 -1 -1 -1 -1 -1 -1 -1 -1 -1 -1
-1 -1 -1 -1 -1 -1 -1 -1 -1 -1 -1
-1 -1 -1 -1 -1 -1 -1 -1 -1 -1 -1
-1 -1 -1 -1 -1 -1 -1 -1 -1 -1 -1
-1 -1 -1 -1 -1 -1 -1 -1 -1 -1 -1
-1 -1 -1 -1 -1 -1 -1 -1 -1 -1 -1
-1 -1 -1 -1 -1 -1 -1 -1 -1 -1 -1
-1 -1 -1 -1 -1 -1 -1 -1 -1 -1 -1
-1 -1 -1 -1 -1 -1 -1 -1 -1 -1 -1
-1 -1 -1 -1 -1 -1 -1 -1 -1 -1 -1
-1 -1 -1 -1 -1 -1 -1 -1 -1 -1 -1
-1 -1 -1 -1 -1 -1 -1 -1 -1 -1 -1
-1 -1 -1 -1 -1 -1 -1 -1 -1 -1 -1
-1 -1 -1 -1 -1 -1 -1 -1 -1 -1 -1
-1 -1 -1 -1 -1 -1 -1 -1 -1 -1 -1
-1 -1 -1 -1 -1 -1 -1 -1 -1 -1 -1
-1 -1 -1 -1 -1 -1 -1 -1 -1 -1 -1
-1 -1 -1 -1 -1 -1 -1 -1 -1 -1 -1
13
117542
6 37 2 6
0 28 0 6
0 0 0 0 0 0 0 0 0 0 0
0 0 0 0 1 0 0 0 0 0 0
0 1 0 1 0 0 0 0 0 0 0
1 1 0 0 0 0 0 0 0 0 0
0 0 0 0 0 1 0 0 1 0 0
0 0 0 0 0 0 0 0 0 0 0
2 2 2 2 2 2 2 2 2 2 2
0 0 0 1 0 0 1 0 1 1 1
1 1 0 0 0 1 1 1 1 0 1
0 0 0 0 0 0 0 0 0 0 0
1 0 0 0 1 1 0 0 1 0 0
0 1 0 0 0 1 0 0 0 0 0
0 0 0 0 1 0 0 0 0 0 1
0 0 0 0 0 0 0 0 0 0 0
2 2 2 2 2 2 0 2 2 2 2
2 2 2 2 2 2 2 2 2 2 2
2 2 2 2 0 2 0 2 2 2 2
0 0 0 0 0 0 0 0 0 2 1
0 0 0 0 1 1 0 0 0 2 0
0 0 0 0 1 1 0 0 0 0 0
0 0 0 0 1 2 0 0 0 0 0
0 0 0 0 1 2 0 0 0 0 0
0 0 0 0 0 2 0 0 0 0 0
0 0 0 0 0 2 0 0 0 0 0
0 0 0 0 0 2 0 0 0 0 0
0 0 0 0 0 2 0 0 0 0 0
0 0 0 0 0 0 0 0 0 0 0
0 0 0 0 0 0 0 0 2 0 1
0 0 0 0 2 0 0 0 2 0 1
0 0 0 0 2 0 0 1 2 0 1
0 0 0 0 2 0 0 1 2 0 0
0 0 0 0 0 0 1 1 2 0 0
0 0 0 0 0 0 1 1 2 1 0
0 0 0 0 0 0 1 1 2 1 0
0 0 0 0 0 0 1 1 2 1 0
0 0 0 0 0 0 0 0 0 0 0
1 0 1 0 0 0 0 1 1 1 0
0 0 0 1 0 1 0 0 0 0 1
0 0 0 0 0 0 0 0 0 0 0
2 2 2 2 2 2 2 2 2 2 2
2 2 2 2 2 2 2 2 2 2 2
1 0 0 0 0 1 0 0 1 1 1
0 0 0 0 0 0 0 0 0 0 0
2 2 0 0 2 2 2 0 0 2 2
0 2 2 2 0 2 0 2 2 2 0
2 2 0 2 2 2 2 2 0 2 2
2 2 2 2 2 2 2 2 2 2 2
0 0 1 1 1 1 1 1 1 0 0
-1 -1 -1 -1 -1 -1 -1 -1 -1 -1 -1
-1 -1 -1 -1 -1 -1 -1 -1 -1 -1 -1
-1 -1 -1 -1 -1 -1 -1 -1 -1 -1 -1
-1 -1 -1 -1 -1 -1 -1 -1 -1 -1 -1
-1 -1 -1 -1 -1 -1 -1 -1 -1 -1 -1
-1 -1 -1 -1 -1 -1 -1 -1 -1 -1 -1
-1 -1 -1 -1 -1 -1 -1 -1 -1 -1 -1
-1 -1 -1 -1 -1 -1 -1 -1 -1 -1 -1
-1 -1 -1 -1 -1 -1 -1 -1 -1 -1 -1
-1 -1 -1 -1 -1 -1 -1 -1 -1 -1 -1
-1 -1 -1 -1 -1 -1 -1 -1 -1 -1 -1
-1 -1 -1 -1 -1 -1 -1 -1 -1 -1 -1
-1 -1 -1 -1 -1 -1 -1 -1 -1 -1 -1
-1 -1 -1 -1 -1 -1 -1 -1 -1 -1 -1
-1 -1 -1 -1 -1 -1 -1 -1 -1 -1 -1
-1 -1 -1 -1 -1 -1 -1 -1 -1 -1 -1
-1 -1 -1 -1 -1 -1 -1 -1 -1 -1 -1
-1 -1 -1 -1 -1 -1 -1 -1 -1 -1 -1
-1 -1 -1 -1 -1 -1 -1 -1 -1 -1 -1
-1 -1 -1 -1 -1 -1 -1 -1 -1 -1 -1
-1 -1 -1 -1 -1 -1 -1 -1 -1 -1 -1
-1 -1 -1 -1 -1 -1 -1 -1 -1 -1 -1
-1 -1 -1 -1 -1 -1 -1 -1 -1 -1 -1
-1 -1 -1 -1 -1 -1 -1 -1 -1 -1 -1
-1 -1 -1 -1 -1 -1 -1 -1 -1 -1 -1
-1 -1 -1 -1 -1 -1 -1 -1 -1 -1 -1
-1 -1 -1 -1 -1 -1 -1 -1 -1 -1 -1
-1 -1 -1 -1 -1 -1 -1 -1 -1 -1 -1
-1 -1 -1 -1 -1 -1 -1 -1 -1 -1 -1
-1 -1 -1 -1 -1 -1 -1 -1 -1 -1 -1
-1 -1 -1 -1 -1 -1 -1 -1 -1 -1 -1
-1 -1 -1 -1 -1 -1 -1 -1 -1 -1 -1
-1 -1 -1 -1 -1 -1 -1 -1 -1 -1 -1
-1 -1 -1 -1 -1 -1 -1 -1 -1 -1 -1
-1 -1 -1 -1 -1 -1 -1 -1 -1 -1 -1
-1 -1 -1 -1 -1 -1 -1 -1 -1 -1 -1
-1 -1 -1 -1 -1 -1 -1 -1 -1 -1 -1
-1 -1 -1 -1 -1 -1 -1 -1 -1 -1 -1
-1 -1 -1 -1 -1 -1 -1 -1 -1 -1 -1
-1 -1 -1 -1 -1 -1 -1 -1 -1 -1 -1
-1 -1 -1 -1 -1 -1 -1 -1 -1 -1 -1
-1 -1 -1 -1 -1 -1 -1 -1 -1 -1 -1
-1 -1 -1 -1 -1 -1 -1 -1 -1 -1 -1
-1 -1 -1 -1 -1 -1 -1 -1 -1 -1 -1
-1 -1 -1 -1 -1 -1 -1 -1 -1 -1 -1
14
117288
7 42 1 5
1 35 1 7
0 0 0 0 0 0 0 0 0 0 0
0 0 0 0 1 0 0 0 0 0 0
0 1 0 1 0 0 0 0 0 0 0
1 1 0 0 0 0 0 0 0 0 0
0 0 0 0 0 1 0 0 1 0 0
0 0 0 0 0 0 0 0 0 0 0
2 2 2 2 2 2 2 2 2 2 2
0 0 0 1 0 0 1 0 1 1 1
1 1 0 0 0 1 1 1 1 0 1
0 0 0 0 0 0 0 0 0 0 0
1 0 0 0 1 1 0 0 1 0 0
0 1 0 0 0 1 0 0 0 0 0
0 0 0 0 1 0 0 0 0 0 1
0 0 0 0 0 0 0 0 0 0 0
2 2 2 2 2 2 0 2 2 2 2
2 2 2 2 2 2 2 2 2 2 2
2 2 2 2 0 2 0 2 2 2 2
0 0 0 0 0 0 0 0 0 2 1
0 0 0 0 1 1 0 0 0 2 0
0 0 0 0 1 1 0 0 0 0 0
0 0 0 0 1 2 0 0 0 0 0
0 0 0 0 1 2 0 0 0 0 0
0 0 0 0 0 2 0 0 0 0 0
0 0 0 0 0 2 0 0 0 0 0
0 0 0 0 0 2 0 0 0 0 0
0 0 0 0 0 2 0 0 0 0 0
0 0 0 0 0 0 0 0 0 0 0
0 0 0 0 0 0 0 0 2 0 1
0 0 0 0 2 0 0 0 2 0 1
0 0 0 0 2 0 0 1 2 0 1
0 0 0 0 2 0 0 1 2 0 0
0 0 0 0 0 0 1 1 2 0 0
0 0 0 0 0 0 1 1 2 1 0
0 0 0 0 0 0 1 1 2 1 0
0 0 0 0 0 0 1 1 2 1 0
0 0 0 0 0 0 0 0 0 0 0
1 0 1 0 0 0 0 1 1 1 0
0 0 0 1 0 1 0 0 0 0 1
0 0 0 0 0 0 0 0 0 0 0
2 2 2 2 2 2 2 2 2 2 2
2 2 2 2 2 2 2 2 2 2 2
1 0 0 0 0 1 0 0 1 1 1
0 0 0 0 0 0 0 0 0 0 0
2 2 0 0 2 2 2 0 0 2 2
0 2 2 2 0 2 0 2 2 2 0
2 2 0 2 2 2 2 2 0 2 2
2 2 2 2 2 2 2 2 2 2 2
0 0 1 1 1 1 1 1 1 0 0
0 0 0 0 0 0 0 0 0 0 0
0 0 1 1 1 1 1 1 1 1 1
0 0 0 0 0 0 0 0 0 0 0
1 1 1 0 0 0 0 0 0 0 2
1 1 0 0 0 0 0 0 0 0 2
-1 -1 -1 -1 -1 -1 -1 -1 -1 -1 -1
-1 -1 -1 -1 -1 -1 -1 -1 -1 -1 -1
-1 -1 -1 -1 -1 -1 -1 -1 -1 -1 -1
-1 -1 -1 -1 -1 -1 -1 -1 -1 -1 -1
-1 -1 -1 -1 -1 -1 -1 -1 -1 -1 -1
-1 -1 -1 -1 -1 -1 -1 -1 -1 -1 -1
-1 -1 -1 -1 -1 -1 -1 -1 -1 -1 -1
-1 -1 -1 -1 -1 -1 -1 -1 -1 -1 -1
-1 -1 -1 -1 -1 -1 -1 -1 -1 -1 -1
-1 -1 -1 -1 -1 -1 -1 -1 -1 -1 -1
-1 -1 -1 -1 -1 -1 -1 -1 -1 -1 -1
-1 -1 -1 -1 -1 -1 -1 -1 -1 -1 -1
-1 -1 -1 -1 -1 -1 -1 -1 -1 -1 -1
-1 -1 -1 -1 -1 -1 -1 -1 -1 -1 -1
-1 -1 -1 -1 -1 -1 -1 -1 -1 -1 -1
-1 -1 -1 -1 -1 -1 -1 -1 -1 -1 -1
-1 -1 -1 -1 -1 -1 -1 -1 -1 -1 -1
-1 -1 -1 -1 -1 -1 -1 -1 -1 -1 -1
-1 -1 -1 -1 -1 -1 -1 -1 -1 -1 -1
-1 -1 -1 -1 -1 -1 -1 -1 -1 -1 -1
-1 -1 -1 -1 -1 -1 -1 -1 -1 -1 -1
-1 -1 -1 -1 -1 -1 -1 -1 -1 -1 -1
-1 -1 -1 -1 -1 -1 -1 -1 -1 -1 -1
-1 -1 -1 -1 -1 -1 -1 -1 -1 -1 -1
-1 -1 -1 -1 -1 -1 -1 -1 -1 -1 -1
-1 -1 -1 -1 -1 -1 -1 -1 -1 -1 -1
-1 -1 -1 -1 -1 -1 -1 -1 -1 -1 -1
-1 -1 -1 -1 -1 -1 -1 -1 -1 -1 -1
-1 -1 -1 -1 -1 -1 -1 -1 -1 -1 -1
-1 -1 -1 -1 -1 -1 -1 -1 -1 -1 -1
-1 -1 -1 -1 -1 -1 -1 -1 -1 -1 -1
-1 -1 -1 -1 -1 -1 -1 -1 -1 -1 -1
-1 -1 -1 -1 -1 -1 -1 -1 -1 -1 -1
-1 -1 -1 -1 -1 -1 -1 -1 -1 -1 -1
-1 -1 -1 -1 -1 -1 -1 -1 -1 -1 -1
-1 -1 -1 -1 -1 -1 -1 -1 -1 -1 -1
-1 -1 -1 -1 -1 -1 -1 -1 -1 -1 -1
-1 -1 -1 -1 -1 -1 -1 -1 -1 -1 -1
-1 -1 -1 -1 -1 -1 -1 -1 -1 -1 -1
-1 -1 -1 -1 -1 -1 -1 -1 -1 -1 -1
15
117066
7 42 0 0
1 41 0 6
0 0 0 0 0 0 0 0 0 0 0
0 0 0 0 1 0 0 0 0 0 0
0 1 0 1 0 0 0 0 0 0 0
1 1 0 0 0 0 0 0 0 0 0
0 0 0 0 0 1 0 0 1 0 0
0 0 0 0 0 0 0 0 0 0 0
2 2 2 2 2 2 2 2 2 2 2
0 0 0 1 0 0 1 0 1 1 1
1 1 0 0 0 1 1 1 1 0 1
0 0 0 0 0 0 0 0 0 0 0
1 0 0 0 1 1 0 0 1 0 0
0 1 0 0 0 1 0 0 0 0 0
0 0 0 0 1 0 0 0 0 0 1
0 0 0 0 0 0 0 0 0 0 0
2 2 2 2 2 2 0 2 2 2 2
2 2 2 2 2 2 2 2 2 2 2
2 2 2 2 0 2 0 2 2 2 2
0 0 0 0 0 0 0 0 0 2 1
0 0 0 0 1 1 0 0 0 2 0
0 0 0 0 1 1 0 0 0 0 0
0 0 0 0 1 2 0 0 0 0 0
0 0 0 0 1 2 0 0 0 0 0
0 0 0 0 0 2 0 0 0 0 0
0 0 0 0 0 2 0 0 0 0 0
0 0 0 0 0 2 0 0 0 0 0
0 0 0 0 0 2 0 0 0 0 0
0 0 0 0 0 0 0 0 0 0 0
0 0 0 0 0 0 0 0 2 0 1
0 0 0 0 2 0 0 0 2 0 1
0 0 0 0 2 0 0 1 2 0 1
0 0 0 0 2 0 0 1 2 0 0
0 0 0 0 0 0 1 1 2 0 0
0 0 0 0 0 0 1 1 2 1 0
0 0 0 0 0 0 1 1 2 1 0
0 0 0 0 0 0 1 1 2 1 0
0 0 0 0 0 0 0 0 0 0 0
1 0 1 0 0 0 0 1 1 1 0
0 0 0 1 0 1 0 0 0 0 1
0 0 0 0 0 0 0 0 0 0 0
2 2 2 2 2 2 2 2 2 2 2
2 2 2 2 2 2 2 2 2 2 2
1 0 0 0 0 1 0 0 1 1 1
0 0 0 0 0 0 0 0 0 0 0
2 2 0 0 2 2 2 0 0 2 2
0 2 2 2 0 2 0 2 2 2 0
2 2 0 2 2 2 2 2 0 2 2
2 2 2 2 2 2 2 2 2 2 2
0 0 1 1 1 1 1 1 1 0 0
0 0 0 0 0 0 0 0 0 0 0
0 0 1 1 1 1 1 1 1 1 1
0 0 0 0 0 0 0 0 0 0 0
1 1 1 0 0 0 0 0 0 0 2
1 1 0 0 0 0 0 0 0 0 2
-1 -1 -1 -1 -1 -1 -1 -1 -1 -1 -1
-1 -1 -1 -1 -1 -1 -1 -1 -1 -1 -1
-1 -1 -1 -1 -1 -1 -1 -1 -1 -1 -1
-1 -1 -1 -1 -1 -1 -1 -1 -1 -1 -1
-1 -1 -1 -1 -1 -1 -1 -1 -1 -1 -1
-1 -1 -1 -1 -1 -1 -1 -1 -1 -1 -1
-1 -1 -1 -1 -1 -1 -1 -1 -1 -1 -1
-1 -1 -1 -1 -1 -1 -1 -1 -1 -1 -1
-1 -1 -1 -1 -1 -1 -1 -1 -1 -1 -1
-1 -1 -1 -1 -1 -1 -1 -1 -1 -1 -1
-1 -1 -1 -1 -1 -1 -1 -1 -1 -1 -1
-1 -1 -1 -1 -1 -1 -1 -1 -1 -1 -1
-1 -1 -1 -1 -1 -1 -1 -1 -1 -1 -1
-1 -1 -1 -1 -1 -1 -1 -1 -1 -1 -1
-1 -1 -1 -1 -1 -1 -1 -1 -1 -1 -1
-1 -1 -1 -1 -1 -1 -1 -1 -1 -1 -1
-1 -1 -1 -1 -1 -1 -1 -1 -1 -1 -1
-1 -1 -1 -1 -1 -1 -1 -1 -1 -1 -1
-1 -1 -1 -1 -1 -1 -1 -1 -1 -1 -1
-1 -1 -1 -1 -1 -1 -1 -1 -1 -1 -1
-1 -1 -1 -1 -1 -1 -1 -1 -1 -1 -1
-1 -1 -1 -1 -1 -1 -1 -1 -1 -1 -1
-1 -1 -1 -1 -1 -1 -1 -1 -1 -1 -1
-1 -1 -1 -1 -1 -1 -1 -1 -1 -1 -1
-1 -1 -1 -1 -1 -1 -1 -1 -1 -1 -1
-1 -1 -1 -1 -1 -1 -1 -1 -1 -1 -1
-1 -1 -1 -1 -1 -1 -1 -1 -1 -1 -1
-1 -1 -1 -1 -1 -1 -1 -1 -1 -1 -1
-1 -1 -1 -1 -1 -1 -1 -1 -1 -1 -1
-1 -1 -1 -1 -1 -1 -1 -1 -1 -1 -1
-1 -1 -1 -1 -1 -1 -1 -1 -1 -1 -1
-1 -1 -1 -1 -1 -1 -1 -1 -1 -1 -1
-1 -1 -1 -1 -1 -1 -1 -1 -1 -1 -1
-1 -1 -1 -1 -1 -1 -1 -1 -1 -1 -1
-1 -1 -1 -1 -1 -1 -1 -1 -1 -1 -1
-1 -1 -1 -1 -1 -1 -1 -1 -1 -1 -1
-1 -1 -1 -1 -1 -1 -1 -1 -1 -1 -1
-1 -1 -1 -1 -1 -1 -1 -1 -1 -1 -1
-1 -1 -1 -1 -1 -1 -1 -1 -1 -1 -1
-1 -1 -1 -1 -1 -1 -1 -1 -1 -1 -1
16
116860
6 42 -1 0
0 46 0 0
0 0 0 0 0 0 0 0 0 0 0
0 0 0 0 1 0 0 0 0 0 0
0 1 0 1 0 0 0 0 0 0 0
1 1 0 0 0 0 0 0 0 0 0
0 0 0 0 0 1 0 0 1 0 0
0 0 0 0 0 0 0 0 0 0 0
2 2 2 2 2 2 2 2 2 2 2
0 0 0 1 0 0 1 0 1 1 1
1 1 0 0 0 1 1 1 1 0 1
0 0 0 0 0 0 0 0 0 0 0
1 0 0 0 1 1 0 0 1 0 0
0 1 0 0 0 1 0 0 0 0 0
0 0 0 0 1 0 0 0 0 0 1
0 0 0 0 0 0 0 0 0 0 0
2 2 2 2 2 2 0 2 2 2 2
2 2 2 2 2 2 2 2 2 2 2
2 2 2 2 0 2 0 2 2 2 2
0 0 0 0 0 0 0 0 0 2 1
0 0 0 0 1 1 0 0 0 2 0
0 0 0 0 1 1 0 0 0 0 0
0 0 0 0 1 2 0 0 0 0 0
0 0 0 0 1 2 0 0 0 0 0
0 0 0 0 0 2 0 0 0 0 0
0 0 0 0 0 2 0 0 0 0 0
0 0 0 0 0 2 0 0 0 0 0
0 0 0 0 0 2 0 0 0 0 0
0 0 0 0 0 0 0 0 0 0 0
0 0 0 0 0 0 0 0 2 0 1
0 0 0 0 2 0 0 0 2 0 1
0 0 0 0 2 0 0 1 2 0 1
0 0 0 0 2 0 0 1 2 0 0
0 0 0 0 0 0 1 1 2 0 0
0 0 0 0 0 0 1 1 2 1 0
0 0 0 0 0 0 1 1 2 1 0
0 0 0 0 0 0 1 1 2 1 0
0 0 0 0 0 0 0 0 0 0 0
1 0 1 0 0 0 0 1 1 1 0
0 0 0 1 0 1 0 0 0 0 1
0 0 0 0 0 0 0 0 0 0 0
2 2 2 2 2 2 2 2 2 2 2
2 2 2 2 2 2 2 2 2 2 2
1 0 0 0 0 1 0 0 1 1 1
0 0 0 0 0 0 0 0 0 0 0
2 2 0 0 2 2 2 0 0 2 2
0 2 2 2 0 2 0 2 2 2 0
2 2 0 2 2 2 2 2 0 2 2
2 2 2 2 2 2 2 2 2 2 2
0 0 1 1 1 1 1 1 1 0 0
0 0 0 0 0 0 0 0 0 0 0
0 0 1 1 1 1 1 1 1 1 1
0 0 0 0 0 0 0 0 0 0 0
1 1 1 0 0 0 0 0 0 0 2
1 1 0 0 0 0 0 0 0 0 2
1 2 0 0 0 0 0 0 0 0 0
0 2 0 0 0 0 0 1 1 1 1
0 0 1 0 0 0 2 1 1 1 1
2 0 1 0 0 0 2 0 0 1 0
-1 -1 -1 -1 -1 -1 -1 -1 -1 -1 -1
-1 -1 -1 -1 -1 -1 -1 -1 -1 -1 -1
-1 -1 -1 -1 -1 -1 -1 -1 -1 -1 -1
-1 -1 -1 -1 -1 -1 -1 -1 -1 -1 -1
-1 -1 -1 -1 -1 -1 -1 -1 -1 -1 -1
-1 -1 -1 -1 -1 -1 -1 -1 -1 -1 -1
-1 -1 -1 -1 -1 -1 -1 -1 -1 -1 -1
-1 -1 -1 -1 -1 -1 -1 -1 -1 -1 -1
-1 -1 -1 -1 -1 -1 -1 -1 -1 -1 -1
-1 -1 -1 -1 -1 -1 -1 -1 -1 -1 -1
-1 -1 -1 -1 -1 -1 -1 -1 -1 -1 -1
-1 -1 -1 -1 -1 -1 -1 -1 -1 -1 -1
-1 -1 -1 -1 -1 -1 -1 -1 -1 -1 -1
-1 -1 -1 -1 -1 -1 -1 -1 -1 -1 -1
-1 -1 -1 -1 -1 -1 -1 -1 -1 -1 -1
-1 -1 -1 -1 -1 -1 -1 -1 -1 -1 -1
-1 -1 -1 -1 -1 -1 -1 -1 -1 -1 -1
-1 -1 -1 -1 -1 -1 -1 -1 -1 -1 -1
-1 -1 -1 -1 -1 -1 -1 -1 -1 -1 -1
-1 -1 -1 -1 -1 -1 -1 -1 -1 -1 -1
-1 -1 -1 -1 -1 -1 -1 -1 -1 -1 -1
-1 -1 -1 -1 -1 -1 -1 -1 -1 -1 -1
-1 -1 -1 -1 -1 -1 -1 -1 -1 -1 -1
-1 -1 -1 -1 -1 -1 -1 -1 -1 -1 -1
-1 -1 -1 -1 -1 -1 -1 -1 -1 -1 -1
-1 -1 -1 -1 -1 -1 -1 -1 -1 -1 -1
-1 -1 -1 -1 -1 -1 -1 -1 -1 -1 -1
-1 -1 -1 -1 -1 -1 -1 -1 -1 -1 -1
-1 -1 -1 -1 -1 -1 -1 -1 -1 -1 -1
-1 -1 -1 -1 -1 -1 -1 -1 -1 -1 -1
-1 -1 -1 -1 -1 -1 -1 -1 -1 -1 -1
-1 -1 -1 -1 -1 -1 -1 -1 -1 -1 -1
-1 -1 -1 -1 -1 -1 -1 -1 -1 -1 -1
-1 -1 -1 -1 -1 -1 -1 -1 -1 -1 -1
-1 -1 -1 -1 -1 -1 -1 -1 -1 -1 -1
-1 -1 -1 -1 -1 -1 -1 -1 -1 -1 -1
17
116756
4 43 0 0
0 47 0 1
0 0 0 0 0 0 0 0 0 0 0
0 0 0 0 1 0 0 0 0 0 0
0 1 0 1 0 0 0 0 0 0 0
1 1 0 0 0 0 0 0 0 0 0
0 0 0 0 0 1 0 0 1 0 0
0 0 0 0 0 0 0 0 0 0 0
2 2 2 2 2 2 2 2 2 2 2
0 0 0 1 0 0 1 0 1 1 1
1 1 0 0 0 1 1 1 1 0 1
0 0 0 0 0 0 0 0 0 0 0
1 0 0 0 1 1 0 0 1 0 0
0 1 0 0 0 1 0 0 0 0 0
0 0 0 0 1 0 0 0 0 0 1
0 0 0 0 0 0 0 0 0 0 0
2 2 2 2 2 2 0 2 2 2 2
2 2 2 2 2 2 2 2 2 2 2
2 2 2 2 0 2 0 2 2 2 2
0 0 0 0 0 0 0 0 0 2 1
0 0 0 0 1 1 0 0 0 2 0
0 0 0 0 1 1 0 0 0 0 0
0 0 0 0 1 2 0 0 0 0 0
0 0 0 0 1 2 0 0 0 0 0
0 0 0 0 0 2 0 0 0 0 0
0 0 0 0 0 2 0 0 0 0 0
0 0 0 0 0 2 0 0 0 0 0
0 0 0 0 0 2 0 0 0 0 0
0 0 0 0 0 0 0 0 0 0 0
0 0 0 0 0 0 0 0 2 0 1
0 0 0 0 2 0 0 0 2 0 1
0 0 0 0 2 0 0 1 2 0 1
0 0 0 0 2 0 0 1 2 0 0
0 0 0 0 0 0 1 1 2 0 0
0 0 0 0 0 0 1 1 2 1 0
0 0 0 0 0 0 1 1 2 1 0
0 0 0 0 0 0 1 1 2 1 0
0 0 0 0 0 0 0 0 0 0 0
1 0 1 0 0 0 0 1 1 1 0
0 0 0 1 0 1 0 0 0 0 1
0 0 0 0 0 0 0 0 0 0 0
2 2 2 2 2 2 2 2 2 2 2
2 2 2 2 2 2 2 2 2 2 2
1 0 0 0 0 1 0 0 1 1 1
0 0 0 0 0 0 0 0 0 0 0
2 2 0 0 2 2 2 0 0 2 2
0 2 2 2 0 2 0 2 2 2 0
2 2 0 2 2 2 2 2 0 2 2
2 2 2 2 2 2 2 2 2 2 2
0 0 1 1 1 1 1 1 1 0 0
0 0 0 0 0 0 0 0 0 0 0
0 0 1 1 1 1 1 1 1 1 1
0 0 0 0 0 0 0 0 0 0 0
1 1 1 0 0 0 0 0 0 0 2
1 1 0 0 0 0 0 0 0 0 2
1 2 0 0 0 0 0 0 0 0 0
0 2 0 0 0 0 0 1 1 1 1
0 0 1 0 0 0 2 1 1 1 1
2 0 1 0 0 0 2 0 0 1 0
2 1 1 1 0 0 2 0 0 0 0
-1 -1 -1 -1 -1 -1 -1 -1 -1 -1 -1
-1 -1 -1 -1 -1 -1 -1 -1 -1 -1 -1
-1 -1 -1 -1 -1 -1 -1 -1 -1 -1 -1
-1 -1 -1 -1 -1 -1 -1 -1 -1 -1 -1
-1 -1 -1 -1 -1 -1 -1 -1 -1 -1 -1
-1 -1 -1 -1 -1 -1 -1 -1 -1 -1 -1
-1 -1 -1 -1 -1 -1 -1 -1 -1 -1 -1
-1 -1 -1 -1 -1 -1 -1 -1 -1 -1 -1
-1 -1 -1 -1 -1 -1 -1 -1 -1 -1 -1
-1 -1 -1 -1 -1 -1 -1 -1 -1 -1 -1
-1 -1 -1 -1 -1 -1 -1 -1 -1 -1 -1
-1 -1 -1 -1 -1 -1 -1 -1 -1 -1 -1
-1 -1 -1 -1 -1 -1 -1 -1 -1 -1 -1
-1 -1 -1 -1 -1 -1 -1 -1 -1 -1 -1
-1 -1 -1 -1 -1 -1 -1 -1 -1 -1 -1
-1 -1 -1 -1 -1 -1 -1 -1 -1 -1 -1
-1 -1 -1 -1 -1 -1 -1 -1 -1 -1 -1
-1 -1 -1 -1 -1 -1 -1 -1 -1 -1 -1
-1 -1 -1 -1 -1 -1 -1 -1 -1 -1 -1
-1 -1 -1 -1 -1 -1 -1 -1 -1 -1 -1
-1 -1 -1 -1 -1 -1 -1 -1 -1 -1 -1
-1 -1 -1 -1 -1 -1 -1 -1 -1 -1 -1
-1 -1 -1 -1 -1 -1 -1 -1 -1 -1 -1
-1 -1 -1 -1 -1 -1 -1 -1 -1 -1 -1
-1 -1 -1 -1 -1 -1 -1 -1 -1 -1 -1
-1 -1 -1 -1 -1 -1 -1 -1 -1 -1 -1
-1 -1 -1 -1 -1 -1 -1 -1 -1 -1 -1
-1 -1 -1 -1 -1 -1 -1 -1 -1 -1 -1
-1 -1 -1 -1 -1 -1 -1 -1 -1 -1 -1
-1 -1 -1 -1 -1 -1 -1 -1 -1 -1 -1
-1 -1 -1 -1 -1 -1 -1 -1 -1 -1 -1
-1 -1 -1 -1 -1 -1 -1 -1 -1 -1 -1
-1 -1 -1 -1 -1 -1 -1 -1 -1 -1 -1
-1 -1 -1 -1 -1 -1 -1 -1 -1 -1 -1
-1 -1 -1 -1 -1 -1 -1 -1 -1 -1 -1
18
116654
3 44 0 0
0 49 0 2
0 0 0 0 0 0 0 0 0 0 0
0 0 0 0 1 0 0 0 0 0 0
0 1 0 1 0 0 0 0 0 0 0
1 1 0 0 0 0 0 0 0 0 0
0 0 0 0 0 1 0 0 1 0 0
0 0 0 0 0 0 0 0 0 0 0
2 2 2 2 2 2 2 2 2 2 2
0 0 0 1 0 0 1 0 1 1 1
1 1 0 0 0 1 1 1 1 0 1
0 0 0 0 0 0 0 0 0 0 0
1 0 0 0 1 1 0 0 1 0 0
0 1 0 0 0 1 0 0 0 0 0
0 0 0 0 1 0 0 0 0 0 1
0 0 0 0 0 0 0 0 0 0 0
2 2 2 2 2 2 0 2 2 2 2
2 2 2 2 2 2 2 2 2 2 2
2 2 2 2 0 2 0 2 2 2 2
0 0 0 0 0 0 0 0 0 2 1
0 0 0 0 1 1 0 0 0 2 0
0 0 0 0 1 1 0 0 0 0 0
0 0 0 0 1 2 0 0 0 0 0
0 0 0 0 1 2 0 0 0 0 0
0 0 0 0 0 2 0 0 0 0 0
0 0 0 0 0 2 0 0 0 0 0
0 0 0 0 0 2 0 0 0 0 0
0 0 0 0 0 2 0 0 0 0 0
0 0 0 0 0 0 0 0 0 0 0
0 0 0 0 0 0 0 0 2 0 1
0 0 0 0 2 0 0 0 2 0 1
0 0 0 0 2 0 0 1 2 0 1
0 0 0 0 2 0 0 1 2 0 0
0 0 0 0 0 0 1 1 2 0 0
0 0 0 0 0 0 1 1 2 1 0
0 0 0 0 0 0 1 1 2 1 0
0 0 0 0 0 0 1 1 2 1 0
0 0 0 0 0 0 0 0 0 0 0
1 0 1 0 0 0 0 1 1 1 0
0 0 0 1 0 1 0 0 0 0 1
0 0 0 0 0 0 0 0 0 0 0
2 2 2 2 2 2 2 2 2 2 2
2 2 2 2 2 2 2 2 2 2 2
1 0 0 0 0 1 0 0 1 1 1
0 0 0 0 0 0 0 0 0 0 0
2 2 0 0 2 2 2 0 0 2 2
0 2 2 2 0 2 0 2 2 2 0
2 2 0 2 2 2 2 2 0 2 2
2 2 2 2 2 2 2 2 2 2 2
0 0 1 1 1 1 1 1 1 0 0
0 0 0 0 0 0 0 0 0 0 0
0 0 1 1 1 1 1 1 1 1 1
0 0 0 0 0 0 0 0 0 0 0
1 1 1 0 0 0 0 0 0 0 2
1 1 0 0 0 0 0 0 0 0 2
1 2 0 0 0 0 0 0 0 0 0
0 2 0 0 0 0 0 1 1 1 1
0 0 1 0 0 0 2 1 1 1 1
2 0 1 0 0 0 2 0 0 1 0
2 1 1 1 0 0 2 0 0 0 0
0 0 1 0 1 1 2 0 0 0 0
0 0 0 0 0 0 0 0 0 0 0
-1 -1 -1 -1 -1 -1 -1 -1 -1 -1 -1
-1 -1 -1 -1 -1 -1 -1 -1 -1 -1 -1
-1 -1 -1 -1 -1 -1 -1 -1 -1 -1 -1
-1 -1 -1 -1 -1 -1 -1 -1 -1 -1 -1
-1 -1 -1 -1 -1 -1 -1 -1 -1 -1 -1
-1 -1 -1 -1 -1 -1 -1 -1 -1 -1 -1
-1 -1 -1 -1 -1 -1 -1 -1 -1 -1 -1
-1 -1 -1 -1 -1 -1 -1 -1 -1 -1 -1
-1 -1 -1 -1 -1 -1 -1 -1 -1 -1 -1
-1 -1 -1 -1 -1 -1 -1 -1 -1 -1 -1
-1 -1 -1 -1 -1 -1 -1 -1 -1 -1 -1
-1 -1 -1 -1 -1 -1 -1 -1 -1 -1 -1
-1 -1 -1 -1 -1 -1 -1 -1 -1 -1 -1
-1 -1 -1 -1 -1 -1 -1 -1 -1 -1 -1
-1 -1 -1 -1 -1 -1 -1 -1 -1 -1 -1
-1 -1 -1 -1 -1 -1 -1 -1 -1 -1 -1
-1 -1 -1 -1 -1 -1 -1 -1 -1 -1 -1
-1 -1 -1 -1 -1 -1 -1 -1 -1 -1 -1
-1 -1 -1 -1 -1 -1 -1 -1 -1 -1 -1
-1 -1 -1 -1 -1 -1 -1 -1 -1 -1 -1
-1 -1 -1 -1 -1 -1 -1 -1 -1 -1 -1
-1 -1 -1 -1 -1 -1 -1 -1 -1 -1 -1
-1 -1 -1 -1 -1 -1 -1 -1 -1 -1 -1
-1 -1 -1 -1 -1 -1 -1 -1 -1 -1 -1
-1 -1 -1 -1 -1 -1 -1 -1 -1 -1 -1
-1 -1 -1 -1 -1 -1 -1 -1 -1 -1 -1
-1 -1 -1 -1 -1 -1 -1 -1 -1 -1 -1
-1 -1 -1 -1 -1 -1 -1 -1 -1 -1 -1
-1 -1 -1 -1 -1 -1 -1 -1 -1 -1 -1
-1 -1 -1 -1 -1 -1 -1 -1 -1 -1 -1
-1 -1 -1 -1 -1 -1 -1 -1 -1 -1 -1
-1 -1 -1 -1 -1 -1 -1 -1 -1 -1 -1
-1 -1 -1 -1 -1 -1 -1 -1 -1 -1 -1
19
116520
2 45 -1 1
1 50 1 1
0 0 0 0 0 0 0 0 0 0 0
0 0 0 0 1 0 0 0 0 0 0
0 1 0 1 0 0 0 0 0 0 0
1 1 0 0 0 0 0 0 0 0 0
0 0 0 0 0 1 0 0 1 0 0
0 0 0 0 0 0 0 0 0 0 0
2 2 2 2 2 2 2 2 2 2 2
0 0 0 1 0 0 1 0 1 1 1
1 1 0 0 0 1 1 1 1 0 1
0 0 0 0 0 0 0 0 0 0 0
1 0 0 0 1 1 0 0 1 0 0
0 1 0 0 0 1 0 0 0 0 0
0 0 0 0 1 0 0 0 0 0 1
0 0 0 0 0 0 0 0 0 0 0
2 2 2 2 2 2 0 2 2 2 2
2 2 2 2 2 2 2 2 2 2 2
2 2 2 2 0 2 0 2 2 2 2
0 0 0 0 0 0 0 0 0 2 1
0 0 0 0 1 1 0 0 0 2 0
0 0 0 0 1 1 0 0 0 0 0
0 0 0 0 1 2 0 0 0 0 0
0 0 0 0 1 2 0 0 0 0 0
0 0 0 0 0 2 0 0 0 0 0
0 0 0 0 0 2 0 0 0 0 0
0 0 0 0 0 2 0 0 0 0 0
0 0 0 0 0 2 0 0 0 0 0
0 0 0 0 0 0 0 0 0 0 0
0 0 0 0 0 0 0 0 2 0 1
0 0 0 0 2 0 0 0 2 0 1
0 0 0 0 2 0 0 1 2 0 1
0 0 0 0 2 0 0 1 2 0 0
0 0 0 0 0 0 1 1 2 0 0
0 0 0 0 0 0 1 1 2 1 0
0 0 0 0 0 0 1 1 2 1 0
0 0 0 0 0 0 1 1 2 1 0
0 0 0 0 0 0 0 0 0 0 0
1 0 1 0 0 0 0 1 1 1 0
0 0 0 1 0 1 0 0 0 0 1
0 0 0 0 0 0 0 0 0 0 0
2 2 2 2 2 2 2 2 2 2 2
2 2 2 2 2 2 2 2 2 2 2
1 0 0 0 0 1 0 0 1 1 1
0 0 0 0 0 0 0 0 0 0 0
2 2 0 0 2 2 2 0 0 2 2
0 2 2 2 0 2 0 2 2 2 0
2 2 0 2 2 2 2 2 0 2 2
2 2 2 2 2 2 2 2 2 2 2
0 0 1 1 1 1 1 1 1 0 0
0 0 0 0 0 0 0 0 0 0 0
0 0 1 1 1 1 1 1 1 1 1
0 0 0 0 0 0 0 0 0 0 0
1 1 1 0 0 0 0 0 0 0 2
1 1 0 0 0 0 0 0 0 0 2
1 2 0 0 0 0 0 0 0 0 0
0 2 0 0 0 0 0 1 1 1 1
0 0 1 0 0 0 2 1 1 1 1
2 0 1 0 0 0 2 0 0 1 0
2 1 1 1 0 0 2 0 0 0 0
0 0 1 0 1 1 2 0 0 0 0
0 0 0 0 0 0 0 0 0 0 0
0 0 0 0 0 0 0 0 0 0 0
-1 -1 -1 -1 -1 -1 -1 -1 -1 -1 -1
-1 -1 -1 -1 -1 -1 -1 -1 -1 -1 -1
-1 -1 -1 -1 -1 -1 -1 -1 -1 -1 -1
-1 -1 -1 -1 -1 -1 -1 -1 -1 -1 -1
-1 -1 -1 -1 -1 -1 -1 -1 -1 -1 -1
-1 -1 -1 -1 -1 -1 -1 -1 -1 -1 -1
-1 -1 -1 -1 -1 -1 -1 -1 -1 -1 -1
-1 -1 -1 -1 -1 -1 -1 -1 -1 -1 -1
-1 -1 -1 -1 -1 -1 -1 -1 -1 -1 -1
-1 -1 -1 -1 -1 -1 -1 -1 -1 -1 -1
-1 -1 -1 -1 -1 -1 -1 -1 -1 -1 -1
-1 -1 -1 -1 -1 -1 -1 -1 -1 -1 -1
-1 -1 -1 -1 -1 -1 -1 -1 -1 -1 -1
-1 -1 -1 -1 -1 -1 -1 -1 -1 -1 -1
-1 -1 -1 -1 -1 -1 -1 -1 -1 -1 -1
-1 -1 -1 -1 -1 -1 -1 -1 -1 -1 -1
-1 -1 -1 -1 -1 -1 -1 -1 -1 -1 -1
-1 -1 -1 -1 -1 -1 -1 -1 -1 -1 -1
-1 -1 -1 -1 -1 -1 -1 -1 -1 -1 -1
-1 -1 -1 -1 -1 -1 -1 -1 -1 -1 -1
-1 -1 -1 -1 -1 -1 -1 -1 -1 -1 -1
-1 -1 -1 -1 -1 -1 -1 -1 -1 -1 -1
-1 -1 -1 -1 -1 -1 -1 -1 -1 -1 -1
-1 -1 -1 -1 -1 -1 -1 -1 -1 -1 -1
-1 -1 -1 -1 -1 -1 -1 -1 -1 -1 -1
-1 -1 -1 -1 -1 -1 -1 -1 -1 -1 -1
-1 -1 -1 -1 -1 -1 -1 -1 -1 -1 -1
-1 -1 -1 -1 -1 -1 -1 -1 -1 -1 -1
-1 -1 -1 -1 -1 -1 -1 -1 -1 -1 -1
-1 -1 -1 -1 -1 -1 -1 -1 -1 -1 -1
-1 -1 -1 -1 -1 -1 -1 -1 -1 -1 -1
-1 -1 -1 -1 -1 -1 -1 -1 -1 -1 -1
20
116378
1 47 -1 2
3 50 2 0
0 0 0 0 0 0 0 0 0 0 0
0 0 0 0 1 0 0 0 0 0 0
0 1 0 1 0 0 0 0 0 0 0
1 1 0 0 0 0 0 0 0 0 0
0 0 0 0 0 1 0 0 1 0 0
0 0 0 0 0 0 0 0 0 0 0
2 2 2 2 2 2 2 2 2 2 2
0 0 0 1 0 0 1 0 1 1 1
1 1 0 0 0 1 1 1 1 0 1
0 0 0 0 0 0 0 0 0 0 0
1 0 0 0 1 1 0 0 1 0 0
0 1 0 0 0 1 0 0 0 0 0
0 0 0 0 1 0 0 0 0 0 1
0 0 0 0 0 0 0 0 0 0 0
2 2 2 2 2 2 0 2 2 2 2
2 2 2 2 2 2 2 2 2 2 2
2 2 2 2 0 2 0 2 2 2 2
0 0 0 0 0 0 0 0 0 2 1
0 0 0 0 1 1 0 0 0 2 0
0 0 0 0 1 1 0 0 0 0 0
0 0 0 0 1 2 0 0 0 0 0
0 0 0 0 1 2 0 0 0 0 0
0 0 0 0 0 2 0 0 0 0 0
0 0 0 0 0 2 0 0 0 0 0
0 0 0 0 0 2 0 0 0 0 0
0 0 0 0 0 2 0 0 0 0 0
0 0 0 0 0 0 0 0 0 0 0
0 0 0 0 0 0 0 0 2 0 1
0 0 0 0 2 0 0 0 2 0 1
0 0 0 0 2 0 0 1 2 0 1
0 0 0 0 2 0 0 1 2 0 0
0 0 0 0 0 0 1 1 2 0 0
0 0 0 0 0 0 1 1 2 1 0
0 0 0 0 0 0 1 1 2 1 0
0 0 0 0 0 0 1 1 2 1 0
0 0 0 0 0 0 0 0 0 0 0
1 0 1 0 0 0 0 1 1 1 0
0 0 0 1 0 1 0 0 0 0 1
0 0 0 0 0 0 0 0 0 0 0
2 2 2 2 2 2 2 2 2 2 2
2 2 2 2 2 2 2 2 2 2 2
1 0 0 0 0 1 0 0 1 1 1
0 0 0 0 0 0 0 0 0 0 0
2 2 0 0 2 2 2 0 0 2 2
0 2 2 2 0 2 0 2 2 2 0
2 2 0 2 2 2 2 2 0 2 2
2 2 2 2 2 2 2 2 2 2 2
0 0 1 1 1 1 1 1 1 0 0
0 0 0 0 0 0 0 0 0 0 0
0 0 1 1 1 1 1 1 1 1 1
0 0 0 0 0 0 0 0 0 0 0
1 1 1 0 0 0 0 0 0 0 2
1 1 0 0 0 0 0 0 0 0 2
1 2 0 0 0 0 0 0 0 0 0
0 2 0 0 0 0 0 1 1 1 1
0 0 1 0 0 0 2 1 1 1 1
2 0 1 0 0 0 2 0 0 1 0
2 1 1 1 0 0 2 0 0 0 0
0 0 1 0 1 1 2 0 0 0 0
0 0 0 0 0 0 0 0 0 0 0
0 0 0 0 0 0 0 0 0 0 0
-1 -1 -1 -1 -1 -1 -1 -1 -1 -1 -1
-1 -1 -1 -1 -1 -1 -1 -1 -1 -1 -1
-1 -1 -1 -1 -1 -1 -1 -1 -1 -1 -1
-1 -1 -1 -1 -1 -1 -1 -1 -1 -1 -1
-1 -1 -1 -1 -1 -1 -1 -1 -1 -1 -1
-1 -1 -1 -1 -1 -1 -1 -1 -1 -1 -1
-1 -1 -1 -1 -1 -1 -1 -1 -1 -1 -1
-1 -1 -1 -1 -1 -1 -1 -1 -1 -1 -1
-1 -1 -1 -1 -1 -1 -1 -1 -1 -1 -1
-1 -1 -1 -1 -1 -1 -1 -1 -1 -1 -1
-1 -1 -1 -1 -1 -1 -1 -1 -1 -1 -1
-1 -1 -1 -1 -1 -1 -1 -1 -1 -1 -1
-1 -1 -1 -1 -1 -1 -1 -1 -1 -1 -1
-1 -1 -1 -1 -1 -1 -1 -1 -1 -1 -1
-1 -1 -1 -1 -1 -1 -1 -1 -1 -1 -1
-1 -1 -1 -1 -1 -1 -1 -1 -1 -1 -1
-1 -1 -1 -1 -1 -1 -1 -1 -1 -1 -1
-1 -1 -1 -1 -1 -1 -1 -1 -1 -1 -1
-1 -1 -1 -1 -1 -1 -1 -1 -1 -1 -1
-1 -1 -1 -1 -1 -1 -1 -1 -1 -1 -1
-1 -1 -1 -1 -1 -1 -1 -1 -1 -1 -1
-1 -1 -1 -1 -1 -1 -1 -1 -1 -1 -1
-1 -1 -1 -1 -1 -1 -1 -1 -1 -1 -1
-1 -1 -1 -1 -1 -1 -1 -1 -1 -1 -1
-1 -1 -1 -1 -1 -1 -1 -1 -1 -1 -1
-1 -1 -1 -1 -1 -1 -1 -1 -1 -1 -1
-1 -1 -1 -1 -1 -1 -1 -1 -1 -1 -1
-1 -1 -1 -1 -1 -1 -1 -1 -1 -1 -1
-1 -1 -1 -1 -1 -1 -1 -1 -1 -1 -1
-1 -1 -1 -1 -1 -1 -1 -1 -1 -1 -1
-1 -1 -1 -1 -1 -1 -1 -1 -1 -1 -1
-1 -1 -1 -1 -1 -1 -1 -1 -1 -1 -1
21
116236
1 50 0 3
4 51 1 1
0 0 0 0 0 0 0 0 0 0 0
0 0 0 0 1 0 0 0 0 0 0
0 1 0 1 0 0 0 0 0 0 0
1 1 0 0 0 0 0 0 0 0 0
0 0 0 0 0 1 0 0 1 0 0
0 0 0 0 0 0 0 0 0 0 0
2 2 2 2 2 2 2 2 2 2 2
0 0 0 1 0 0 1 0 1 1 1
1 1 0 0 0 1 1 1 1 0 1
0 0 0 0 0 0 0 0 0 0 0
1 0 0 0 1 1 0 0 1 0 0
0 1 0 0 0 1 0 0 0 0 0
0 0 0 0 1 0 0 0 0 0 1
0 0 0 0 0 0 0 0 0 0 0
2 2 2 2 2 2 0 2 2 2 2
2 2 2 2 2 2 2 2 2 2 2
2 2 2 2 0 2 0 2 2 2 2
0 0 0 0 0 0 0 0 0 2 1
0 0 0 0 1 1 0 0 0 2 0
0 0 0 0 1 1 0 0 0 0 0
0 0 0 0 1 2 0 0 0 0 0
0 0 0 0 1 2 0 0 0 0 0
0 0 0 0 0 2 0 0 0 0 0
0 0 0 0 0 2 0 0 0 0 0
0 0 0 0 0 2 0 0 0 0 0
0 0 0 0 0 2 0 0 0 0 0
0 0 0 0 0 0 0 0 0 0 0
0 0 0 0 0 0 0 0 2 0 1
0 0 0 0 2 0 0 0 2 0 1
0 0 0 0 2 0 0 1 2 0 1
0 0 0 0 2 0 0 1 2 0 0
0 0 0 0 0 0 1 1 2 0 0
0 0 0 0 0 0 1 1 2 1 0
0 0 0 0 0 0 1 1 2 1 0
0 0 0 0 0 0 1 1 2 1 0
0 0 0 0 0 0 0 0 0 0 0
1 0 1 0 0 0 0 1 1 1 0
0 0 0 1 0 1 0 0 0 0 1
0 0 0 0 0 0 0 0 0 0 0
2 2 2 2 2 2 2 2 2 2 2
2 2 2 2 2 2 2 2 2 2 2
1 0 0 0 0 1 0 0 1 1 1
0 0 0 0 0 0 0 0 0 0 0
2 2 0 0 2 2 2 0 0 2 2
0 2 2 2 0 2 0 2 2 2 0
2 2 0 2 2 2 2 2 0 2 2
2 2 2 2 2 2 2 2 2 2 2
0 0 1 1 1 1 1 1 1 0 0
0 0 0 0 0 0 0 0 0 0 0
0 0 1 1 1 1 1 1 1 1 1
0 0 0 0 0 0 0 0 0 0 0
1 1 1 0 0 0 0 0 0 0 2
1 1 0 0 0 0 0 0 0 0 2
1 2 0 0 0 0 0 0 0 0 0
0 2 0 0 0 0 0 1 1 1 1
0 0 1 0 0 0 2 1 1 1 1
2 0 1 0 0 0 2 0 0 1 0
2 1 1 1 0 0 2 0 0 0 0
0 0 1 0 1 1 2 0 0 0 0
0 0 0 0 0 0 0 0 0 0 0
0 0 0 0 0 0 0 0 0 0 0
0 0 0 0 0 0 0 0 0 0 0
-1 -1 -1 -1 -1 -1 -1 -1 -1 -1 -1
-1 -1 -1 -1 -1 -1 -1 -1 -1 -1 -1
-1 -1 -1 -1 -1 -1 -1 -1 -1 -1 -1
-1 -1 -1 -1 -1 -1 -1 -1 -1 -1 -1
-1 -1 -1 -1 -1 -1 -1 -1 -1 -1 -1
-1 -1 -1 -1 -1 -1 -1 -1 -1 -1 -1
-1 -1 -1 -1 -1 -1 -1 -1 -1 -1 -1
-1 -1 -1 -1 -1 -1 -1 -1 -1 -1 -1
-1 -1 -1 -1 -1 -1 -1 -1 -1 -1 -1
-1 -1 -1 -1 -1 -1 -1 -1 -1 -1 -1
-1 -1 -1 -1 -1 -1 -1 -1 -1 -1 -1
-1 -1 -1 -1 -1 -1 -1 -1 -1 -1 -1
-1 -1 -1 -1 -1 -1 -1 -1 -1 -1 -1
-1 -1 -1 -1 -1 -1 -1 -1 -1 -1 -1
-1 -1 -1 -1 -1 -1 -1 -1 -1 -1 -1
-1 -1 -1 -1 -1 -1 -1 -1 -1 -1 -1
-1 -1 -1 -1 -1 -1 -1 -1 -1 -1 -1
-1 -1 -1 -1 -1 -1 -1 -1 -1 -1 -1
-1 -1 -1 -1 -1 -1 -1 -1 -1 -1 -1
-1 -1 -1 -1 -1 -1 -1 -1 -1 -1 -1
-1 -1 -1 -1 -1 -1 -1 -1 -1 -1 -1
-1 -1 -1 -1 -1 -1 -1 -1 -1 -1 -1
-1 -1 -1 -1 -1 -1 -1 -1 -1 -1 -1
-1 -1 -1 -1 -1 -1 -1 -1 -1 -1 -1
-1 -1 -1 -1 -1 -1 -1 -1 -1 -1 -1
-1 -1 -1 -1 -1 -1 -1 -1 -1 -1 -1
-1 -1 -1 -1 -1 -1 -1 -1 -1 -1 -1
-1 -1 -1 -1 -1 -1 -1 -1 -1 -1 -1
-1 -1 -1 -1 -1 -1 -1 -1 -1 -1 -1
-1 -1 -1 -1 -1 -1 -1 -1 -1 -1 -1
-1 -1 -1 -1 -1 -1 -1 -1 -1 -1 -1
22
116102
1 50 0 0
4 53 0 2
0 0 0 0 0 0 0 0 0 0 0
0 0 0 0 1 0 0 0 0 0 0
0 1 0 1 0 0 0 0 0 0 0
1 1 0 0 0 0 0 0 0 0 0
0 0 0 0 0 1 0 0 1 0 0
0 0 0 0 0 0 0 0 0 0 0
2 2 2 2 2 2 2 2 2 2 2
0 0 0 1 0 0 1 0 1 1 1
1 1 0 0 0 1 1 1 1 0 1
0 0 0 0 0 0 0 0 0 0 0
1 0 0 0 1 1 0 0 1 0 0
0 1 0 0 0 1 0 0 0 0 0
0 0 0 0 1 0 0 0 0 0 1
0 0 0 0 0 0 0 0 0 0 0
2 2 2 2 2 2 0 2 2 2 2
2 2 2 2 2 2 2 2 2 2 2
2 2 2 2 0 2 0 2 2 2 2
0 0 0 0 0 0 0 0 0 2 1
0 0 0 0 1 1 0 0 0 2 0
0 0 0 0 1 1 0 0 0 0 0
0 0 0 0 1 2 0 0 0 0 0
0 0 0 0 1 2 0 0 0 0 0
0 0 0 0 0 2 0 0 0 0 0
0 0 0 0 0 2 0 0 0 0 0
0 0 0 0 0 2 0 0 0 0 0
0 0 0 0 0 2 0 0 0 0 0
0 0 0 0 0 0 0 0 0 0 0
0 0 0 0 0 0 0 0 2 0 1
0 0 0 0 2 0 0 0 2 0 1
0 0 0 0 2 0 0 1 2 0 1
0 0 0 0 2 0 0 1 2 0 0
0 0 0 0 0 0 1 1 2 0 0
0 0 0 0 0 0 1 1 2 1 0
0 0 0 0 0 0 1 1 2 1 0
0 0 0 0 0 0 1 1 2 1 0
0 0 0 0 0 0 0 0 0 0 0
1 0 1 0 0 0 0 1 1 1 0
0 0 0 1 0 1 0 0 0 0 1
0 0 0 0 0 0 0 0 0 0 0
2 2 2 2 2 2 2 2 2 2 2
2 2 2 2 2 2 2 2 2 2 2
1 0 0 0 0 1 0 0 1 1 1
0 0 0 0 0 0 0 0 0 0 0
2 2 0 0 2 2 2 0 0 2 2
0 2 2 2 0 2 0 2 2 2 0
2 2 0 2 2 2 2 2 0 2 2
2 2 2 2 2 2 2 2 2 2 2
0 0 1 1 1 1 1 1 1 0 0
0 0 0 0 0 0 0 0 0 0 0
0 0 1 1 1 1 1 1 1 1 1
0 0 0 0 0 0 0 0 0 0 0
1 1 1 0 0 0 0 0 0 0 2
1 1 0 0 0 0 0 0 0 0 2
1 2 0 0 0 0 0 0 0 0 0
0 2 0 0 0 0 0 1 1 1 1
0 0 1 0 0 0 2 1 1 1 1
2 0 1 0 0 0 2 0 0 1 0
2 1 1 1 0 0 2 0 0 0 0
0 0 1 0 1 1 2 0 0 0 0
0 0 0 0 0 0 0 0 0 0 0
0 0 0 0 0 0 0 0 0 0 0
0 0 0 0 0 0 0 0 0 0 0
0 0 0 0 0 0 0 0 0 0 0
0 0 0 0 0 0 0 0 0 0 0
-1 -1 -1 -1 -1 -1 -1 -1 -1 -1 -1
-1 -1 -1 -1 -1 -1 -1 -1 -1 -1 -1
-1 -1 -1 -1 -1 -1 -1 -1 -1 -1 -1
-1 -1 -1 -1 -1 -1 -1 -1 -1 -1 -1
-1 -1 -1 -1 -1 -1 -1 -1 -1 -1 -1
-1 -1 -1 -1 -1 -1 -1 -1 -1 -1 -1
-1 -1 -1 -1 -1 -1 -1 -1 -1 -1 -1
-1 -1 -1 -1 -1 -1 -1 -1 -1 -1 -1
-1 -1 -1 -1 -1 -1 -1 -1 -1 -1 -1
-1 -1 -1 -1 -1 -1 -1 -1 -1 -1 -1
-1 -1 -1 -1 -1 -1 -1 -1 -1 -1 -1
-1 -1 -1 -1 -1 -1 -1 -1 -1 -1 -1
-1 -1 -1 -1 -1 -1 -1 -1 -1 -1 -1
-1 -1 -1 -1 -1 -1 -1 -1 -1 -1 -1
-1 -1 -1 -1 -1 -1 -1 -1 -1 -1 -1
-1 -1 -1 -1 -1 -1 -1 -1 -1 -1 -1
-1 -1 -1 -1 -1 -1 -1 -1 -1 -1 -1
-1 -1 -1 -1 -1 -1 -1 -1 -1 -1 -1
-1 -1 -1 -1 -1 -1 -1 -1 -1 -1 -1
-1 -1 -1 -1 -1 -1 -1 -1 -1 -1 -1
-1 -1 -1 -1 -1 -1 -1 -1 -1 -1 -1
-1 -1 -1 -1 -1 -1 -1 -1 -1 -1 -1
-1 -1 -1 -1 -1 -1 -1 -1 -1 -1 -1
-1 -1 -1 -1 -1 -1 -1 -1 -1 -1 -1
-1 -1 -1 -1 -1 -1 -1 -1 -1 -1 -1
-1 -1 -1 -1 -1 -1 -1 -1 -1 -1 -1
-1 -1 -1 -1 -1 -1 -1 -1 -1 -1 -1
-1 -1 -1 -1 -1 -1 -1 -1 -1 -1 -1
-1 -1 -1 -1 -1 -1 -1 -1 -1 -1 -1
23
115944
2 50 1 0
5 56 1 3
0 0 0 0 0 0 0 0 0 0 0
0 0 0 0 1 0 0 0 0 0 0
0 1 0 1 0 0 0 0 0 0 0
1 1 0 0 0 0 0 0 0 0 0
0 0 0 0 0 1 0 0 1 0 0
0 0 0 0 0 0 0 0 0 0 0
2 2 2 2 2 2 2 2 2 2 2
0 0 0 1 0 0 1 0 1 1 1
1 1 0 0 0 1 1 1 1 0 1
0 0 0 0 0 0 0 0 0 0 0
1 0 0 0 1 1 0 0 1 0 0
0 1 0 0 0 1 0 0 0 0 0
0 0 0 0 1 0 0 0 0 0 1
0 0 0 0 0 0 0 0 0 0 0
2 2 2 2 2 2 0 2 2 2 2
2 2 2 2 2 2 2 2 2 2 2
2 2 2 2 0 2 0 2 2 2 2
0 0 0 0 0 0 0 0 0 2 1
0 0 0 0 1 1 0 0 0 2 0
0 0 0 0 1 1 0 0 0 0 0
0 0 0 0 1 2 0 0 0 0 0
0 0 0 0 1 2 0 0 0 0 0
0 0 0 0 0 2 0 0 0 0 0
0 0 0 0 0 2 0 0 0 0 0
0 0 0 0 0 2 0 0 0 0 0
0 0 0 0 0 2 0 0 0 0 0
0 0 0 0 0 0 0 0 0 0 0
0 0 0 0 0 0 0 0 2 0 1
0 0 0 0 2 0 0 0 2 0 1
0 0 0 0 2 0 0 1 2 0 1
0 0 0 0 2 0 0 1 2 0 0
0 0 0 0 0 0 1 1 2 0 0
0 0 0 0 0 0 1 1 2 1 0
0 0 0 0 0 0 1 1 2 1 0
0 0 0 0 0 0 1 1 2 1 0
0 0 0 0 0 0 0 0 0 0 0
1 0 1 0 0 0 0 1 1 1 0
0 0 0 1 0 1 0 0 0 0 1
0 0 0 0 0 0 0 0 0 0 0
2 2 2 2 2 2 2 2 2 2 2
2 2 2 2 2 2 2 2 2 2 2
1 0 0 0 0 1 0 0 1 1 1
0 0 0 0 0 0 0 0 0 0 0
2 2 0 0 2 2 2 0 0 2 2
0 2 2 2 0 2 0 2 2 2 0
2 2 0 2 2 2 2 2 0 2 2
2 2 2 2 2 2 2 2 2 2 2
0 0 1 1 1 1 1 1 1 0 0
0 0 0 0 0 0 0 0 0 0 0
0 0 1 1 1 1 1 1 1 1 1
0 0 0 0 0 0 0 0 0 0 0
1 1 1 0 0 0 0 0 0 0 2
1 1 0 0 0 0 0 0 0 0 2
1 2 0 0 0 0 0 0 0 0 0
0 2 0 0 0 0 0 1 1 1 1
0 0 1 0 0 0 2 1 1 1 1
2 0 1 0 0 0 2 0 0 1 0
2 1 1 1 0 0 2 0 0 0 0
0 0 1 0 1 1 2 0 0 0 0
0 0 0 0 0 0 0 0 0 0 0
0 0 0 0 0 0 0 0 0 0 0
0 0 0 0 0 0 0 0 0 0 0
0 0 0 0 0 0 0 0 0 0 0
0 0 0 0 0 0 0 0 0 0 0
0 1 1 1 1 0 1 1 1 1 0
0 1 1 1 1 0 1 1 1 1 0
0 0 0 0 0 0 0 0 0 0 0
-1 -1 -1 -1 -1 -1 -1 -1 -1 -1 -1
-1 -1 -1 -1 -1 -1 -1 -1 -1 -1 -1
-1 -1 -1 -1 -1 -1 -1 -1 -1 -1 -1
-1 -1 -1 -1 -1 -1 -1 -1 -1 -1 -1
-1 -1 -1 -1 -1 -1 -1 -1 -1 -1 -1
-1 -1 -1 -1 -1 -1 -1 -1 -1 -1 -1
-1 -1 -1 -1 -1 -1 -1 -1 -1 -1 -1
-1 -1 -1 -1 -1 -1 -1 -1 -1 -1 -1
-1 -1 -1 -1 -1 -1 -1 -1 -1 -1 -1
-1 -1 -1 -1 -1 -1 -1 -1 -1 -1 -1
-1 -1 -1 -1 -1 -1 -1 -1 -1 -1 -1
-1 -1 -1 -1 -1 -1 -1 -1 -1 -1 -1
-1 -1 -1 -1 -1 -1 -1 -1 -1 -1 -1
-1 -1 -1 -1 -1 -1 -1 -1 -1 -1 -1
-1 -1 -1 -1 -1 -1 -1 -1 -1 -1 -1
-1 -1 -1 -1 -1 -1 -1 -1 -1 -1 -1
-1 -1 -1 -1 -1 -1 -1 -1 -1 -1 -1
-1 -1 -1 -1 -1 -1 -1 -1 -1 -1 -1
-1 -1 -1 -1 -1 -1 -1 -1 -1 -1 -1
-1 -1 -1 -1 -1 -1 -1 -1 -1 -1 -1
-1 -1 -1 -1 -1 -1 -1 -1 -1 -1 -1
-1 -1 -1 -1 -1 -1 -1 -1 -1 -1 -1
-1 -1 -1 -1 -1 -1 -1 -1 -1 -1 -1
-1 -1 -1 -1 -1 -1 -1 -1 -1 -1 -1
-1 -1 -1 -1 -1 -1 -1 -1 -1 -1 -1
-1 -1 -1 -1 -1 -1 -1 -1 -1 -1 -1
24
115666
4 51 2 1
7 58 2 2
0 0 0 0 0 0 0 0 0 0 0
0 0 0 0 1 0 0 0 0 0 0
0 1 0 1 0 0 0 0 0 0 0
1 1 0 0 0 0 0 0 0 0 0
0 0 0 0 0 1 0 0 1 0 0
0 0 0 0 0 0 0 0 0 0 0
2 2 2 2 2 2 2 2 2 2 2
0 0 0 1 0 0 1 0 1 1 1
1 1 0 0 0 1 1 1 1 0 1
0 0 0 0 0 0 0 0 0 0 0
1 0 0 0 1 1 0 0 1 0 0
0 1 0 0 0 1 0 0 0 0 0
0 0 0 0 1 0 0 0 0 0 1
0 0 0 0 0 0 0 0 0 0 0
2 2 2 2 2 2 0 2 2 2 2
2 2 2 2 2 2 2 2 2 2 2
2 2 2 2 0 2 0 2 2 2 2
0 0 0 0 0 0 0 0 0 2 1
0 0 0 0 1 1 0 0 0 2 0
0 0 0 0 1 1 0 0 0 0 0
0 0 0 0 1 2 0 0 0 0 0
0 0 0 0 1 2 0 0 0 0 0
0 0 0 0 0 2 0 0 0 0 0
0 0 0 0 0 2 0 0 0 0 0
0 0 0 0 0 2 0 0 0 0 0
0 0 0 0 0 2 0 0 0 0 0
0 0 0 0 0 0 0 0 0 0 0
0 0 0 0 0 0 0 0 2 0 1
0 0 0 0 2 0 0 0 2 0 1
0 0 0 0 2 0 0 1 2 0 1
0 0 0 0 2 0 0 1 2 0 0
0 0 0 0 0 0 1 1 2 0 0
0 0 0 0 0 0 1 1 2 1 0
0 0 0 0 0 0 1 1 2 1 0
0 0 0 0 0 0 1 1 2 1 0
0 0 0 0 0 0 0 0 0 0 0
1 0 1 0 0 0 0 1 1 1 0
0 0 0 1 0 1 0 0 0 0 1
0 0 0 0 0 0 0 0 0 0 0
2 2 2 2 2 2 2 2 2 2 2
2 2 2 2 2 2 2 2 2 2 2
1 0 0 0 0 1 0 0 1 1 1
0 0 0 0 0 0 0 0 0 0 0
2 2 0 0 2 2 2 0 0 2 2
0 2 2 2 0 2 0 2 2 2 0
2 2 0 2 2 2 2 2 0 2 2
2 2 2 2 2 2 2 2 2 2 2
0 0 1 1 1 1 1 1 1 0 0
0 0 0 0 0 0 0 0 0 0 0
0 0 1 1 1 1 1 1 1 1 1
0 0 0 0 0 0 0 0 0 0 0
1 1 1 0 0 0 0 0 0 0 2
1 1 0 0 0 0 0 0 0 0 2
1 2 0 0 0 0 0 0 0 0 0
0 2 0 0 0 0 0 1 1 1 1
0 0 1 0 0 0 2 1 1 1 1
2 0 1 0 0 0 2 0 0 1 0
2 1 1 1 0 0 2 0 0 0 0
0 0 1 0 1 1 2 0 0 0 0
0 0 0 0 0 0 0 0 0 0 0
0 0 0 0 0 0 0 0 0 0 0
0 0 0 0 0 0 0 0 0 0 0
0 0 0 0 0 0 0 0 0 0 0
0 0 0 0 0 0 0 0 0 0 0
0 1 1 1 1 0 1 1 1 1 0
0 1 1 1 1 0 1 1 1 1 0
0 0 0 0 0 0 0 0 0 0 0
0 0 0 0 0 0 0 0 0 0 0
0 0 0 0 0 0 0 0 0 0 0
-1 -1 -1 -1 -1 -1 -1 -1 -1 -1 -1
-1 -1 -1 -1 -1 -1 -1 -1 -1 -1 -1
-1 -1 -1 -1 -1 -1 -1 -1 -1 -1 -1
-1 -1 -1 -1 -1 -1 -1 -1 -1 -1 -1
-1 -1 -1 -1 -1 -1 -1 -1 -1 -1 -1
-1 -1 -1 -1 -1 -1 -1 -1 -1 -1 -1
-1 -1 -1 -1 -1 -1 -1 -1 -1 -1 -1
-1 -1 -1 -1 -1 -1 -1 -1 -1 -1 -1
-1 -1 -1 -1 -1 -1 -1 -1 -1 -1 -1
-1 -1 -1 -1 -1 -1 -1 -1 -1 -1 -1
-1 -1 -1 -1 -1 -1 -1 -1 -1 -1 -1
-1 -1 -1 -1 -1 -1 -1 -1 -1 -1 -1
-1 -1 -1 -1 -1 -1 -1 -1 -1 -1 -1
-1 -1 -1 -1 -1 -1 -1 -1 -1 -1 -1
-1 -1 -1 -1 -1 -1 -1 -1 -1 -1 -1
-1 -1 -1 -1 -1 -1 -1 -1 -1 -1 -1
-1 -1 -1 -1 -1 -1 -1 -1 -1 -1 -1
-1 -1 -1 -1 -1 -1 -1 -1 -1 -1 -1
-1 -1 -1 -1 -1 -1 -1 -1 -1 -1 -1
-1 -1 -1 -1 -1 -1 -1 -1 -1 -1 -1
-1 -1 -1 -1 -1 -1 -1 -1 -1 -1 -1
-1 -1 -1 -1 -1 -1 -1 -1 -1 -1 -1
-1 -1 -1 -1 -1 -1 -1 -1 -1 -1 -1
-1 -1 -1 -1 -1 -1 -1 -1 -1 -1 -1
25
115516
5 53 1 2
9 61 2 3
0 0 0 0 0 0 0 0 0 0 0
0 0 0 0 1 0 0 0 0 0 0
0 1 0 1 0 0 0 0 0 0 0
1 1 0 0 0 0 0 0 0 0 0
0 0 0 0 0 1 0 0 1 0 0
0 0 0 0 0 0 0 0 0 0 0
2 2 2 2 2 2 2 2 2 2 2
0 0 0 1 0 0 1 0 1 1 1
1 1 0 0 0 1 1 1 1 0 1
0 0 0 0 0 0 0 0 0 0 0
1 0 0 0 1 1 0 0 1 0 0
0 1 0 0 0 1 0 0 0 0 0
0 0 0 0 1 0 0 0 0 0 1
0 0 0 0 0 0 0 0 0 0 0
2 2 2 2 2 2 0 2 2 2 2
2 2 2 2 2 2 2 2 2 2 2
2 2 2 2 0 2 0 2 2 2 2
0 0 0 0 0 0 0 0 0 2 1
0 0 0 0 1 1 0 0 0 2 0
0 0 0 0 1 1 0 0 0 0 0
0 0 0 0 1 2 0 0 0 0 0
0 0 0 0 1 2 0 0 0 0 0
0 0 0 0 0 2 0 0 0 0 0
0 0 0 0 0 2 0 0 0 0 0
0 0 0 0 0 2 0 0 0 0 0
0 0 0 0 0 2 0 0 0 0 0
0 0 0 0 0 0 0 0 0 0 0
0 0 0 0 0 0 0 0 2 0 1
0 0 0 0 2 0 0 0 2 0 1
0 0 0 0 2 0 0 1 2 0 1
0 0 0 0 2 0 0 1 2 0 0
0 0 0 0 0 0 1 1 2 0 0
0 0 0 0 0 0 1 1 2 1 0
0 0 0 0 0 0 1 1 2 1 0
0 0 0 0 0 0 1 1 2 1 0
0 0 0 0 0 0 0 0 0 0 0
1 0 1 0 0 0 0 1 1 1 0
0 0 0 1 0 1 0 0 0 0 1
0 0 0 0 0 0 0 0 0 0 0
2 2 2 2 2 2 2 2 2 2 2
2 2 2 2 2 2 2 2 2 2 2
1 0 0 0 0 1 0 0 1 1 1
0 0 0 0 0 0 0 0 0 0 0
2 2 0 0 2 2 2 0 0 2 2
0 2 2 2 0 2 0 2 2 2 0
2 2 0 2 2 2 2 2 0 2 2
2 2 2 2 2 2 2 2 2 2 2
0 0 1 1 1 1 1 1 1 0 0
0 0 0 0 0 0 0 0 0 0 0
0 0 1 1 1 1 1 1 1 1 1
0 0 0 0 0 0 0 0 0 0 0
1 1 1 0 0 0 0 0 0 0 2
1 1 0 0 0 0 0 0 0 0 2
1 2 0 0 0 0 0 0 0 0 0
0 2 0 0 0 0 0 1 1 1 1
0 0 1 0 0 0 2 1 1 1 1
2 0 1 0 0 0 2 0 0 1 0
2 1 1 1 0 0 2 0 0 0 0
0 0 1 0 1 1 2 0 0 0 0
0 0 0 0 0 0 0 0 0 0 0
0 0 0 0 0 0 0 0 0 0 0
0 0 0 0 0 0 0 0 0 0 0
0 0 0 0 0 0 0 0 0 0 0
0 0 0 0 0 0 0 0 0 0 0
0 1 1 1 1 0 1 1 1 1 0
0 1 1 1 1 0 1 1 1 1 0
0 0 0 0 0 0 0 0 0 0 0
0 0 0 0 0 0 0 0 0 0 0
0 0 0 0 0 0 0 0 0 0 0
0 1 1 1 1 1 1 1 1 1 0
0 0 0 0 0 0 0 0 0 0 0
2 2 2 2 2 2 2 2 2 2 2
-1 -1 -1 -1 -1 -1 -1 -1 -1 -1 -1
-1 -1 -1 -1 -1 -1 -1 -1 -1 -1 -1
-1 -1 -1 -1 -1 -1 -1 -1 -1 -1 -1
-1 -1 -1 -1 -1 -1 -1 -1 -1 -1 -1
-1 -1 -1 -1 -1 -1 -1 -1 -1 -1 -1
-1 -1 -1 -1 -1 -1 -1 -1 -1 -1 -1
-1 -1 -1 -1 -1 -1 -1 -1 -1 -1 -1
-1 -1 -1 -1 -1 -1 -1 -1 -1 -1 -1
-1 -1 -1 -1 -1 -1 -1 -1 -1 -1 -1
-1 -1 -1 -1 -1 -1 -1 -1 -1 -1 -1
-1 -1 -1 -1 -1 -1 -1 -1 -1 -1 -1
-1 -1 -1 -1 -1 -1 -1 -1 -1 -1 -1
-1 -1 -1 -1 -1 -1 -1 -1 -1 -1 -1
-1 -1 -1 -1 -1 -1 -1 -1 -1 -1 -1
-1 -1 -1 -1 -1 -1 -1 -1 -1 -1 -1
-1 -1 -1 -1 -1 -1 -1 -1 -1 -1 -1
-1 -1 -1 -1 -1 -1 -1 -1 -1 -1 -1
-1 -1 -1 -1 -1 -1 -1 -1 -1 -1 -1
-1 -1 -1 -1 -1 -1 -1 -1 -1 -1 -1
-1 -1 -1 -1 -1 -1 -1 -1 -1 -1 -1
-1 -1 -1 -1 -1 -1 -1 -1 -1 -1 -1
26
115446
6 56 0 0
10 65 1 4
0 0 0 0 0 0 0 0 0 0 0
0 0 0 0 1 0 0 0 0 0 0
0 1 0 1 0 0 0 0 0 0 0
1 1 0 0 0 0 0 0 0 0 0
0 0 0 0 0 1 0 0 1 0 0
0 0 0 0 0 0 0 0 0 0 0
2 2 2 2 2 2 2 2 2 2 2
0 0 0 1 0 0 1 0 1 1 1
1 1 0 0 0 1 1 1 1 0 1
0 0 0 0 0 0 0 0 0 0 0
1 0 0 0 1 1 0 0 1 0 0
0 1 0 0 0 1 0 0 0 0 0
0 0 0 0 1 0 0 0 0 0 1
0 0 0 0 0 0 0 0 0 0 0
2 2 2 2 2 2 0 2 2 2 2
2 2 2 2 2 2 2 2 2 2 2
2 2 2 2 0 2 0 2 2 2 2
0 0 0 0 0 0 0 0 0 2 1
0 0 0 0 1 1 0 0 0 2 0
0 0 0 0 1 1 0 0 0 0 0
0 0 0 0 1 2 0 0 0 0 0
0 0 0 0 1 2 0 0 0 0 0
0 0 0 0 0 2 0 0 0 0 0
0 0 0 0 0 2 0 0 0 0 0
0 0 0 0 0 2 0 0 0 0 0
0 0 0 0 0 2 0 0 0 0 0
0 0 0 0 0 0 0 0 0 0 0
0 0 0 0 0 0 0 0 2 0 1
0 0 0 0 2 0 0 0 2 0 1
0 0 0 0 2 0 0 1 2 0 1
0 0 0 0 2 0 0 1 2 0 0
0 0 0 0 0 0 1 1 2 0 0
0 0 0 0 0 0 1 1 2 1 0
0 0 0 0 0 0 1 1 2 1 0
0 0 0 0 0 0 1 1 2 1 0
0 0 0 0 0 0 0 0 0 0 0
1 0 1 0 0 0 0 1 1 1 0
0 0 0 1 0 1 0 0 0 0 1
0 0 0 0 0 0 0 0 0 0 0
2 2 2 2 2 2 2 2 2 2 2
2 2 2 2 2 2 2 2 2 2 2
1 0 0 0 0 1 0 0 1 1 1
0 0 0 0 0 0 0 0 0 0 0
2 2 0 0 2 2 2 0 0 2 2
0 2 2 2 0 2 0 2 2 2 0
2 2 0 2 2 2 2 2 0 2 2
2 2 2 2 2 2 2 2 2 2 2
0 0 1 1 1 1 1 1 1 0 0
0 0 0 0 0 0 0 0 0 0 0
0 0 1 1 1 1 1 1 1 1 1
0 0 0 0 0 0 0 0 0 0 0
1 1 1 0 0 0 0 0 0 0 2
1 1 0 0 0 0 0 0 0 0 2
1 2 0 0 0 0 0 0 0 0 0
0 2 0 0 0 0 0 1 1 1 1
0 0 1 0 0 0 2 1 1 1 1
2 0 1 0 0 0 2 0 0 1 0
2 1 1 1 0 0 2 0 0 0 0
0 0 1 0 1 1 2 0 0 0 0
0 0 0 0 0 0 0 0 0 0 0
0 0 0 0 0 0 0 0 0 0 0
0 0 0 0 0 0 0 0 0 0 0
0 0 0 0 0 0 0 0 0 0 0
0 0 0 0 0 0 0 0 0 0 0
0 1 1 1 1 0 1 1 1 1 0
0 1 1 1 1 0 1 1 1 1 0
0 0 0 0 0 0 0 0 0 0 0
0 0 0 0 0 0 0 0 0 0 0
0 0 0 0 0 0 0 0 0 0 0
0 1 1 1 1 1 1 1 1 1 0
0 0 0 0 0 0 0 0 0 0 0
2 2 2 2 2 2 2 2 2 2 2
2 2 2 2 2 2 2 2 2 2 2
0 0 0 0 1 0 0 0 0 0 0
0 0 0 0 1 0 0 0 0 0 0
0 0 0 0 1 0 0 0 0 1 1
-1 -1 -1 -1 -1 -1 -1 -1 -1 -1 -1
-1 -1 -1 -1 -1 -1 -1 -1 -1 -1 -1
-1 -1 -1 -1 -1 -1 -1 -1 -1 -1 -1
-1 -1 -1 -1 -1 -1 -1 -1 -1 -1 -1
-1 -1 -1 -1 -1 -1 -1 -1 -1 -1 -1
-1 -1 -1 -1 -1 -1 -1 -1 -1 -1 -1
-1 -1 -1 -1 -1 -1 -1 -1 -1 -1 -1
-1 -1 -1 -1 -1 -1 -1 -1 -1 -1 -1
-1 -1 -1 -1 -1 -1 -1 -1 -1 -1 -1
-1 -1 -1 -1 -1 -1 -1 -1 -1 -1 -1
-1 -1 -1 -1 -1 -1 -1 -1 -1 -1 -1
-1 -1 -1 -1 -1 -1 -1 -1 -1 -1 -1
-1 -1 -1 -1 -1 -1 -1 -1 -1 -1 -1
-1 -1 -1 -1 -1 -1 -1 -1 -1 -1 -1
-1 -1 -1 -1 -1 -1 -1 -1 -1 -1 -1
-1 -1 -1 -1 -1 -1 -1 -1 -1 -1 -1
-1 -1 -1 -1 -1 -1 -1 -1 -1 -1 -1
27
115224
7 57 1 1
10 69 0 4
0 0 0 0 0 0 0 0 0 0 0
0 0 0 0 1 0 0 0 0 0 0
0 1 0 1 0 0 0 0 0 0 0
1 1 0 0 0 0 0 0 0 0 0
0 0 0 0 0 1 0 0 1 0 0
0 0 0 0 0 0 0 0 0 0 0
2 2 2 2 2 2 2 2 2 2 2
0 0 0 1 0 0 1 0 1 1 1
1 1 0 0 0 1 1 1 1 0 1
0 0 0 0 0 0 0 0 0 0 0
1 0 0 0 1 1 0 0 1 0 0
0 1 0 0 0 1 0 0 0 0 0
0 0 0 0 1 0 0 0 0 0 1
0 0 0 0 0 0 0 0 0 0 0
2 2 2 2 2 2 0 2 2 2 2
2 2 2 2 2 2 2 2 2 2 2
2 2 2 2 0 2 0 2 2 2 2
0 0 0 0 0 0 0 0 0 2 1
0 0 0 0 1 1 0 0 0 2 0
0 0 0 0 1 1 0 0 0 0 0
0 0 0 0 1 2 0 0 0 0 0
0 0 0 0 1 2 0 0 0 0 0
0 0 0 0 0 2 0 0 0 0 0
0 0 0 0 0 2 0 0 0 0 0
0 0 0 0 0 2 0 0 0 0 0
0 0 0 0 0 2 0 0 0 0 0
0 0 0 0 0 0 0 0 0 0 0
0 0 0 0 0 0 0 0 2 0 1
0 0 0 0 2 0 0 0 2 0 1
0 0 0 0 2 0 0 1 2 0 1
0 0 0 0 2 0 0 1 2 0 0
0 0 0 0 0 0 1 1 2 0 0
0 0 0 0 0 0 1 1 2 1 0
0 0 0 0 0 0 1 1 2 1 0
0 0 0 0 0 0 1 1 2 1 0
0 0 0 0 0 0 0 0 0 0 0
1 0 1 0 0 0 0 1 1 1 0
0 0 0 1 0 1 0 0 0 0 1
0 0 0 0 0 0 0 0 0 0 0
2 2 2 2 2 2 2 2 2 2 2
2 2 2 2 2 2 2 2 2 2 2
1 0 0 0 0 1 0 0 1 1 1
0 0 0 0 0 0 0 0 0 0 0
2 2 0 0 2 2 2 0 0 2 2
0 2 2 2 0 2 0 2 2 2 0
2 2 0 2 2 2 2 2 0 2 2
2 2 2 2 2 2 2 2 2 2 2
0 0 1 1 1 1 1 1 1 0 0
0 0 0 0 0 0 0 0 0 0 0
0 0 1 1 1 1 1 1 1 1 1
0 0 0 0 0 0 0 0 0 0 0
1 1 1 0 0 0 0 0 0 0 2
1 1 0 0 0 0 0 0 0 0 2
1 2 0 0 0 0 0 0 0 0 0
0 2 0 0 0 0 0 1 1 1 1
0 0 1 0 0 0 2 1 1 1 1
2 0 1 0 0 0 2 0 0 1 0
2 1 1 1 0 0 2 0 0 0 0
0 0 1 0 1 1 2 0 0 0 0
0 0 0 0 0 0 0 0 0 0 0
0 0 0 0 0 0 0 0 0 0 0
0 0 0 0 0 0 0 0 0 0 0
0 0 0 0 0 0 0 0 0 0 0
0 0 0 0 0 0 0 0 0 0 0
0 1 1 1 1 0 1 1 1 1 0
0 1 1 1 1 0 1 1 1 1 0
0 0 0 0 0 0 0 0 0 0 0
0 0 0 0 0 0 0 0 0 0 0
0 0 0 0 0 0 0 0 0 0 0
0 1 1 1 1 1 1 1 1 1 0
0 0 0 0 0 0 0 0 0 0 0
2 2 2 2 2 2 2 2 2 2 2
2 2 2 2 2 2 2 2 2 2 2
0 0 0 0 1 0 0 0 0 0 0
0 0 0 0 1 0 0 0 0 0 0
0 0 0 0 1 0 0 0 0 1 1
0 0 0 2 1 0 0 0 0 1 1
0 0 0 2 1 0 0 0 0 0 0
0 0 0 2 1 0 0 0 0 0 0
0 0 0 2 0 0 0 0 0 0 1
-1 -1 -1 -1 -1 -1 -1 -1 -1 -1 -1
-1 -1 -1 -1 -1 -1 -1 -1 -1 -1 -1
-1 -1 -1 -1 -1 -1 -1 -1 -1 -1 -1
-1 -1 -1 -1 -1 -1 -1 -1 -1 -1 -1
-1 -1 -1 -1 -1 -1 -1 -1 -1 -1 -1
-1 -1 -1 -1 -1 -1 -1 -1 -1 -1 -1
-1 -1 -1 -1 -1 -1 -1 -1 -1 -1 -1
-1 -1 -1 -1 -1 -1 -1 -1 -1 -1 -1
-1 -1 -1 -1 -1 -1 -1 -1 -1 -1 -1
-1 -1 -1 -1 -1 -1 -1 -1 -1 -1 -1
-1 -1 -1 -1 -1 -1 -1 -1 -1 -1 -1
-1 -1 -1 -1 -1 -1 -1 -1 -1 -1 -1
-1 -1 -1 -1 -1 -1 -1 -1 -1 -1 -1
28
115002
9 59 2 2
9 73 -1 4
0 0 0 0 0 0 0 0 0 0 0
0 0 0 0 1 0 0 0 0 0 0
0 1 0 1 0 0 0 0 0 0 0
1 1 0 0 0 0 0 0 0 0 0
0 0 0 0 0 1 0 0 1 0 0
0 0 0 0 0 0 0 0 0 0 0
2 2 2 2 2 2 2 2 2 2 2
0 0 0 1 0 0 1 0 1 1 1
1 1 0 0 0 1 1 1 1 0 1
0 0 0 0 0 0 0 0 0 0 0
1 0 0 0 1 1 0 0 1 0 0
0 1 0 0 0 1 0 0 0 0 0
0 0 0 0 1 0 0 0 0 0 1
0 0 0 0 0 0 0 0 0 0 0
2 2 2 2 2 2 0 2 2 2 2
2 2 2 2 2 2 2 2 2 2 2
2 2 2 2 0 2 0 2 2 2 2
0 0 0 0 0 0 0 0 0 2 1
0 0 0 0 1 1 0 0 0 2 0
0 0 0 0 1 1 0 0 0 0 0
0 0 0 0 1 2 0 0 0 0 0
0 0 0 0 1 2 0 0 0 0 0
0 0 0 0 0 2 0 0 0 0 0
0 0 0 0 0 2 0 0 0 0 0
0 0 0 0 0 2 0 0 0 0 0
0 0 0 0 0 2 0 0 0 0 0
0 0 0 0 0 0 0 0 0 0 0
0 0 0 0 0 0 0 0 2 0 1
0 0 0 0 2 0 0 0 2 0 1
0 0 0 0 2 0 0 1 2 0 1
0 0 0 0 2 0 0 1 2 0 0
0 0 0 0 0 0 1 1 2 0 0
0 0 0 0 0 0 1 1 2 1 0
0 0 0 0 0 0 1 1 2 1 0
0 0 0 0 0 0 1 1 2 1 0
0 0 0 0 0 0 0 0 0 0 0
1 0 1 0 0 0 0 1 1 1 0
0 0 0 1 0 1 0 0 0 0 1
0 0 0 0 0 0 0 0 0 0 0
2 2 2 2 2 2 2 2 2 2 2
2 2 2 2 2 2 2 2 2 2 2
1 0 0 0 0 1 0 0 1 1 1
0 0 0 0 0 0 0 0 0 0 0
2 2 0 0 2 2 2 0 0 2 2
0 2 2 2 0 2 0 2 2 2 0
2 2 0 2 2 2 2 2 0 2 2
2 2 2 2 2 2 2 2 2 2 2
0 0 1 1 1 1 1 1 1 0 0
0 0 0 0 0 0 0 0 0 0 0
0 0 1 1 1 1 1 1 1 1 1
0 0 0 0 0 0 0 0 0 0 0
1 1 1 0 0 0 0 0 0 0 2
1 1 0 0 0 0 0 0 0 0 2
1 2 0 0 0 0 0 0 0 0 0
0 2 0 0 0 0 0 1 1 1 1
0 0 1 0 0 0 2 1 1 1 1
2 0 1 0 0 0 2 0 0 1 0
2 1 1 1 0 0 2 0 0 0 0
0 0 1 0 1 1 2 0 0 0 0
0 0 0 0 0 0 0 0 0 0 0
0 0 0 0 0 0 0 0 0 0 0
0 0 0 0 0 0 0 0 0 0 0
0 0 0 0 0 0 0 0 0 0 0
0 0 0 0 0 0 0 0 0 0 0
0 1 1 1 1 0 1 1 1 1 0
0 1 1 1 1 0 1 1 1 1 0
0 0 0 0 0 0 0 0 0 0 0
0 0 0 0 0 0 0 0 0 0 0
0 0 0 0 0 0 0 0 0 0 0
0 1 1 1 1 1 1 1 1 1 0
0 0 0 0 0 0 0 0 0 0 0
2 2 2 2 2 2 2 2 2 2 2
2 2 2 2 2 2 2 2 2 2 2
0 0 0 0 1 0 0 0 0 0 0
0 0 0 0 1 0 0 0 0 0 0
0 0 0 0 1 0 0 0 0 1 1
0 0 0 2 1 0 0 0 0 1 1
0 0 0 2 1 0 0 0 0 0 0
0 0 0 2 1 0 0 0 0 0 0
0 0 0 2 0 0 0 0 0 0 1
0 0 0 2 0 0 0 0 0 0 1
0 0 0 0 0 0 0 0 0 0 0
0 0 0 0 2 0 2 0 0 0 0
0 0 0 0 2 0 2 0 0 0 0
-1 -1 -1 -1 -1 -1 -1 -1 -1 -1 -1
-1 -1 -1 -1 -1 -1 -1 -1 -1 -1 -1
-1 -1 -1 -1 -1 -1 -1 -1 -1 -1 -1
-1 -1 -1 -1 -1 -1 -1 -1 -1 -1 -1
-1 -1 -1 -1 -1 -1 -1 -1 -1 -1 -1
-1 -1 -1 -1 -1 -1 -1 -1 -1 -1 -1
-1 -1 -1 -1 -1 -1 -1 -1 -1 -1 -1
-1 -1 -1 -1 -1 -1 -1 -1 -1 -1 -1
-1 -1 -1 -1 -1 -1 -1 -1 -1 -1 -1
29
114924
10 62 1 3
7 78 -2 5
0 0 0 0 0 0 0 0 0 0 0
0 0 0 0 1 0 0 0 0 0 0
0 1 0 1 0 0 0 0 0 0 0
1 1 0 0 0 0 0 0 0 0 0
0 0 0 0 0 1 0 0 1 0 0
0 0 0 0 0 0 0 0 0 0 0
2 2 2 2 2 2 2 2 2 2 2
0 0 0 1 0 0 1 0 1 1 1
1 1 0 0 0 1 1 1 1 0 1
0 0 0 0 0 0 0 0 0 0 0
1 0 0 0 1 1 0 0 1 0 0
0 1 0 0 0 1 0 0 0 0 0
0 0 0 0 1 0 0 0 0 0 1
0 0 0 0 0 0 0 0 0 0 0
2 2 2 2 2 2 0 2 2 2 2
2 2 2 2 2 2 2 2 2 2 2
2 2 2 2 0 2 0 2 2 2 2
0 0 0 0 0 0 0 0 0 2 1
0 0 0 0 1 1 0 0 0 2 0
0 0 0 0 1 1 0 0 0 0 0
0 0 0 0 1 2 0 0 0 0 0
0 0 0 0 1 2 0 0 0 0 0
0 0 0 0 0 2 0 0 0 0 0
0 0 0 0 0 2 0 0 0 0 0
0 0 0 0 0 2 0 0 0 0 0
0 0 0 0 0 2 0 0 0 0 0
0 0 0 0 0 0 0 0 0 0 0
0 0 0 0 0 0 0 0 2 0 1
0 0 0 0 2 0 0 0 2 0 1
0 0 0 0 2 0 0 1 2 0 1
0 0 0 0 2 0 0 1 2 0 0
0 0 0 0 0 0 1 1 2 0 0
0 0 0 0 0 0 1 1 2 1 0
0 0 0 0 0 0 1 1 2 1 0
0 0 0 0 0 0 1 1 2 1 0
0 0 0 0 0 0 0 0 0 0 0
1 0 1 0 0 0 0 1 1 1 0
0 0 0 1 0 1 0 0 0 0 1
0 0 0 0 0 0 0 0 0 0 0
2 2 2 2 2 2 2 2 2 2 2
2 2 2 2 2 2 2 2 2 2 2
1 0 0 0 0 1 0 0 1 1 1
0 0 0 0 0 0 0 0 0 0 0
2 2 0 0 2 2 2 0 0 2 2
0 2 2 2 0 2 0 2 2 2 0
2 2 0 2 2 2 2 2 0 2 2
2 2 2 2 2 2 2 2 2 2 2
0 0 1 1 1 1 1 1 1 0 0
0 0 0 0 0 0 0 0 0 0 0
0 0 1 1 1 1 1 1 1 1 1
0 0 0 0 0 0 0 0 0 0 0
1 1 1 0 0 0 0 0 0 0 2
1 1 0 0 0 0 0 0 0 0 2
1 2 0 0 0 0 0 0 0 0 0
0 2 0 0 0 0 0 1 1 1 1
0 0 1 0 0 0 2 1 1 1 1
2 0 1 0 0 0 2 0 0 1 0
2 1 1 1 0 0 2 0 0 0 0
0 0 1 0 1 1 2 0 0 0 0
0 0 0 0 0 0 0 0 0 0 0
0 0 0 0 0 0 0 0 0 0 0
0 0 0 0 0 0 0 0 0 0 0
0 0 0 0 0 0 0 0 0 0 0
0 0 0 0 0 0 0 0 0 0 0
0 1 1 1 1 0 1 1 1 1 0
0 1 1 1 1 0 1 1 1 1 0
0 0 0 0 0 0 0 0 0 0 0
0 0 0 0 0 0 0 0 0 0 0
0 0 0 0 0 0 0 0 0 0 0
0 1 1 1 1 1 1 1 1 1 0
0 0 0 0 0 0 0 0 0 0 0
2 2 2 2 2 2 2 2 2 2 2
2 2 2 2 2 2 2 2 2 2 2
0 0 0 0 1 0 0 0 0 0 0
0 0 0 0 1 0 0 0 0 0 0
0 0 0 0 1 0 0 0 0 1 1
0 0 0 2 1 0 0 0 0 1 1
0 0 0 2 1 0 0 0 0 0 0
0 0 0 2 1 0 0 0 0 0 0
0 0 0 2 0 0 0 0 0 0 1
0 0 0 2 0 0 0 0 0 0 1
0 0 0 0 0 0 0 0 0 0 0
0 0 0 0 2 0 2 0 0 0 0
0 0 0 0 2 0 2 0 0 0 0
0 0 0 0 2 0 2 0 0 0 0
0 0 0 0 1 0 1 0 0 0 0
0 0 0 0 1 0 1 0 0 0 0
0 0 0 0 0 0 0 0 0 0 0
1 1 1 1 0 0 1 1 1 1 1
-1 -1 -1 -1 -1 -1 -1 -1 -1 -1 -1
-1 -1 -1 -1 -1 -1 -1 -1 -1 -1 -1
-1 -1 -1 -1 -1 -1 -1 -1 -1 -1 -1
-1 -1 -1 -1 -1 -1 -1 -1 -1 -1 -1
30
114758
10 66 0 4
5 84 -2 6
0 0 0 0 0 0 0 0 0 0 0
0 0 0 0 1 0 0 0 0 0 0
0 1 0 1 0 0 0 0 0 0 0
1 1 0 0 0 0 0 0 0 0 0
0 0 0 0 0 1 0 0 1 0 0
0 0 0 0 0 0 0 0 0 0 0
2 2 2 2 2 2 2 2 2 2 2
0 0 0 1 0 0 1 0 1 1 1
1 1 0 0 0 1 1 1 1 0 1
0 0 0 0 0 0 0 0 0 0 0
1 0 0 0 1 1 0 0 1 0 0
0 1 0 0 0 1 0 0 0 0 0
0 0 0 0 1 0 0 0 0 0 1
0 0 0 0 0 0 0 0 0 0 0
2 2 2 2 2 2 0 2 2 2 2
2 2 2 2 2 2 2 2 2 2 2
2 2 2 2 0 2 0 2 2 2 2
0 0 0 0 0 0 0 0 0 2 1
0 0 0 0 1 1 0 0 0 2 0
0 0 0 0 1 1 0 0 0 0 0
0 0 0 0 1 2 0 0 0 0 0
0 0 0 0 1 2 0 0 0 0 0
0 0 0 0 0 2 0 0 0 0 0
0 0 0 0 0 2 0 0 0 0 0
0 0 0 0 0 2 0 0 0 0 0
0 0 0 0 0 2 0 0 0 0 0
0 0 0 0 0 0 0 0 0 0 0
0 0 0 0 0 0 0 0 2 0 1
0 0 0 0 2 0 0 0 2 0 1
0 0 0 0 2 0 0 1 2 0 1
0 0 0 0 2 0 0 1 2 0 0
0 0 0 0 0 0 1 1 2 0 0
0 0 0 0 0 0 1 1 2 1 0
0 0 0 0 0 0 1 1 2 1 0
0 0 0 0 0 0 1 1 2 1 0
0 0 0 0 0 0 0 0 0 0 0
1 0 1 0 0 0 0 1 1 1 0
0 0 0 1 0 1 0 0 0 0 1
0 0 0 0 0 0 0 0 0 0 0
2 2 2 2 2 2 2 2 2 2 2
2 2 2 2 2 2 2 2 2 2 2
1 0 0 0 0 1 0 0 1 1 1
0 0 0 0 0 0 0 0 0 0 0
2 2 0 0 2 2 2 0 0 2 2
0 2 2 2 0 2 0 2 2 2 0
2 2 0 2 2 2 2 2 0 2 2
2 2 2 2 2 2 2 2 2 2 2
0 0 1 1 1 1 1 1 1 0 0
0 0 0 0 0 0 0 0 0 0 0
0 0 1 1 1 1 1 1 1 1 1
0 0 0 0 0 0 0 0 0 0 0
1 1 1 0 0 0 0 0 0 0 2
1 1 0 0 0 0 0 0 0 0 2
1 2 0 0 0 0 0 0 0 0 0
0 2 0 0 0 0 0 1 1 1 1
0 0 1 0 0 0 2 1 1 1 1
2 0 1 0 0 0 2 0 0 1 0
2 1 1 1 0 0 2 0 0 0 0
0 0 1 0 1 1 2 0 0 0 0
0 0 0 0 0 0 0 0 0 0 0
0 0 0 0 0 0 0 0 0 0 0
0 0 0 0 0 0 0 0 0 0 0
0 0 0 0 0 0 0 0 0 0 0
0 0 0 0 0 0 0 0 0 0 0
0 1 1 1 1 0 1 1 1 1 0
0 1 1 1 1 0 1 1 1 1 0
0 0 0 0 0 0 0 0 0 0 0
0 0 0 0 0 0 0 0 0 0 0
0 0 0 0 0 0 0 0 0 0 0
0 1 1 1 1 1 1 1 1 1 0
0 0 0 0 0 0 0 0 0 0 0
2 2 2 2 2 2 2 2 2 2 2
2 2 2 2 2 2 2 2 2 2 2
0 0 0 0 1 0 0 0 0 0 0
0 0 0 0 1 0 0 0 0 0 0
0 0 0 0 1 0 0 0 0 1 1
0 0 0 2 1 0 0 0 0 1 1
0 0 0 2 1 0 0 0 0 0 0
0 0 0 2 1 0 0 0 0 0 0
0 0 0 2 0 0 0 0 0 0 1
0 0 0 2 0 0 0 0 0 0 1
0 0 0 0 0 0 0 0 0 0 0
0 0 0 0 2 0 2 0 0 0 0
0 0 0 0 2 0 2 0 0 0 0
0 0 0 0 2 0 2 0 0 0 0
0 0 0 0 1 0 1 0 0 0 0
0 0 0 0 1 0 1 0 0 0 0
0 0 0 0 0 0 0 0 0 0 0
1 1 1 1 0 0 1 1 1 1 1
0 0 0 0 0 0 0 0 0 0 0
0 0 0 0 0 0 0 0 0 0 0
0 0 0 0 0 0 0 0 0 0 0
0 0 0 0 0 0 0 0 0 0 0
31
114656
10 69 0 3
4 91 -1 7
0 0 0 0 0 0 0 0 0 0 0
0 0 0 0 1 0 0 0 0 0 0
0 1 0 1 0 0 0 0 0 0 0
1 1 0 0 0 0 0 0 0 0 0
0 0 0 0 0 1 0 0 1 0 0
0 0 0 0 0 0 0 0 0 0 0
2 2 2 2 2 2 2 2 2 2 2
0 0 0 1 0 0 1 0 1 1 1
1 1 0 0 0 1 1 1 1 0 1
0 0 0 0 0 0 0 0 0 0 0
1 0 0 0 1 1 0 0 1 0 0
0 1 0 0 0 1 0 0 0 0 0
0 0 0 0 1 0 0 0 0 0 1
0 0 0 0 0 0 0 0 0 0 0
2 2 2 2 2 2 0 2 2 2 2
2 2 2 2 2 2 2 2 2 2 2
2 2 2 2 0 2 0 2 2 2 2
0 0 0 0 0 0 0 0 0 2 1
0 0 0 0 1 1 0 0 0 2 0
0 0 0 0 1 1 0 0 0 0 0
0 0 0 0 1 2 0 0 0 0 0
0 0 0 0 1 2 0 0 0 0 0
0 0 0 0 0 2 0 0 0 0 0
0 0 0 0 0 2 0 0 0 0 0
0 0 0 0 0 2 0 0 0 0 0
0 0 0 0 0 2 0 0 0 0 0
0 0 0 0 0 0 0 0 0 0 0
0 0 0 0 0 0 0 0 2 0 1
0 0 0 0 2 0 0 0 2 0 1
0 0 0 0 2 0 0 1 2 0 1
0 0 0 0 2 0 0 1 2 0 0
0 0 0 0 0 0 1 1 2 0 0
0 0 0 0 0 0 1 1 2 1 0
0 0 0 0 0 0 1 1 2 1 0
0 0 0 0 0 0 1 1 2 1 0
0 0 0 0 0 0 0 0 0 0 0
1 0 1 0 0 0 0 1 1 1 0
0 0 0 1 0 1 0 0 0 0 1
0 0 0 0 0 0 0 0 0 0 0
2 2 2 2 2 2 2 2 2 2 2
2 2 2 2 2 2 2 2 2 2 2
1 0 0 0 0 1 0 0 1 1 1
0 0 0 0 0 0 0 0 0 0 0
2 2 0 0 2 2 2 0 0 2 2
0 2 2 2 0 2 0 2 2 2 0
2 2 0 2 2 2 2 2 0 2 2
2 2 2 2 2 2 2 2 2 2 2
0 0 1 1 1 1 1 1 1 0 0
0 0 0 0 0 0 0 0 0 0 0
0 0 1 1 1 1 1 1 1 1 1
0 0 0 0 0 0 0 0 0 0 0
1 1 1 0 0 0 0 0 0 0 2
1 1 0 0 0 0 0 0 0 0 2
1 2 0 0 0 0 0 0 0 0 0
0 2 0 0 0 0 0 1 1 1 1
0 0 1 0 0 0 2 1 1 1 1
2 0 1 0 0 0 2 0 0 1 0
2 1 1 1 0 0 2 0 0 0 0
0 0 1 0 1 1 2 0 0 0 0
0 0 0 0 0 0 0 0 0 0 0
0 0 0 0 0 0 0 0 0 0 0
0 0 0 0 0 0 0 0 0 0 0
0 0 0 0 0 0 0 0 0 0 0
0 0 0 0 0 0 0 0 0 0 0
0 1 1 1 1 0 1 1 1 1 0
0 1 1 1 1 0 1 1 1 1 0
0 0 0 0 0 0 0 0 0 0 0
0 0 0 0 0 0 0 0 0 0 0
0 0 0 0 0 0 0 0 0 0 0
0 1 1 1 1 1 1 1 1 1 0
0 0 0 0 0 0 0 0 0 0 0
2 2 2 2 2 2 2 2 2 2 2
2 2 2 2 2 2 2 2 2 2 2
0 0 0 0 1 0 0 0 0 0 0
0 0 0 0 1 0 0 0 0 0 0
0 0 0 0 1 0 0 0 0 1 1
0 0 0 2 1 0 0 0 0 1 1
0 0 0 2 1 0 0 0 0 0 0
0 0 0 2 1 0 0 0 0 0 0
0 0 0 2 0 0 0 0 0 0 1
0 0 0 2 0 0 0 0 0 0 1
0 0 0 0 0 0 0 0 0 0 0
0 0 0 0 2 0 2 0 0 0 0
0 0 0 0 2 0 2 0 0 0 0
0 0 0 0 2 0 2 0 0 0 0
0 0 0 0 1 0 1 0 0 0 0
0 0 0 0 1 0 1 0 0 0 0
0 0 0 0 0 0 0 0 0 0 0
1 1 1 1 0 0 1 1 1 1 1
0 0 0 0 0 0 0 0 0 0 0
0 0 0 0 0 0 0 0 0 0 0
0 0 0 0 0 0 0 0 0 0 0
0 0 0 0 0 0 0 0 0 0 0
32
114624
9 73 -1 4
0 93 0 0
0 0 0 0 0 0 0 0 0 0 0
0 0 0 0 1 0 0 0 0 0 0
0 1 0 1 0 0 0 0 0 0 0
1 1 0 0 0 0 0 0 0 0 0
0 0 0 0 0 1 0 0 1 0 0
0 0 0 0 0 0 0 0 0 0 0
2 2 2 2 2 2 2 2 2 2 2
0 0 0 1 0 0 1 0 1 1 1
1 1 0 0 0 1 1 1 1 0 1
0 0 0 0 0 0 0 0 0 0 0
1 0 0 0 1 1 0 0 1 0 0
0 1 0 0 0 1 0 0 0 0 0
0 0 0 0 1 0 0 0 0 0 1
0 0 0 0 0 0 0 0 0 0 0
2 2 2 2 2 2 0 2 2 2 2
2 2 2 2 2 2 2 2 2 2 2
2 2 2 2 0 2 0 2 2 2 2
0 0 0 0 0 0 0 0 0 2 1
0 0 0 0 1 1 0 0 0 2 0
0 0 0 0 1 1 0 0 0 0 0
0 0 0 0 1 2 0 0 0 0 0
0 0 0 0 1 2 0 0 0 0 0
0 0 0 0 0 2 0 0 0 0 0
0 0 0 0 0 2 0 0 0 0 0
0 0 0 0 0 2 0 0 0 0 0
0 0 0 0 0 2 0 0 0 0 0
0 0 0 0 0 0 0 0 0 0 0
0 0 0 0 0 0 0 0 2 0 1
0 0 0 0 2 0 0 0 2 0 1
0 0 0 0 2 0 0 1 2 0 1
0 0 0 0 2 0 0 1 2 0 0
0 0 0 0 0 0 1 1 2 0 0
0 0 0 0 0 0 1 1 2 1 0
0 0 0 0 0 0 1 1 2 1 0
0 0 0 0 0 0 1 1 2 1 0
0 0 0 0 0 0 0 0 0 0 0
1 0 1 0 0 0 0 1 1 1 0
0 0 0 1 0 1 0 0 0 0 1
0 0 0 0 0 0 0 0 0 0 0
2 2 2 2 2 2 2 2 2 2 2
2 2 2 2 2 2 2 2 2 2 2
1 0 0 0 0 1 0 0 1 1 1
0 0 0 0 0 0 0 0 0 0 0
2 2 0 0 2 2 2 0 0 2 2
0 2 2 2 0 2 0 2 2 2 0
2 2 0 2 2 2 2 2 0 2 2
2 2 2 2 2 2 2 2 2 2 2
0 0 1 1 1 1 1 1 1 0 0
0 0 0 0 0 0 0 0 0 0 0
0 0 1 1 1 1 1 1 1 1 1
0 0 0 0 0 0 0 0 0 0 0
1 1 1 0 0 0 0 0 0 0 2
1 1 0 0 0 0 0 0 0 0 2
1 2 0 0 0 0 0 0 0 0 0
0 2 0 0 0 0 0 1 1 1 1
0 0 1 0 0 0 2 1 1 1 1
2 0 1 0 0 0 2 0 0 1 0
2 1 1 1 0 0 2 0 0 0 0
0 0 1 0 1 1 2 0 0 0 0
0 0 0 0 0 0 0 0 0 0 0
0 0 0 0 0 0 0 0 0 0 0
0 0 0 0 0 0 0 0 0 0 0
0 0 0 0 0 0 0 0 0 0 0
0 0 0 0 0 0 0 0 0 0 0
0 1 1 1 1 0 1 1 1 1 0
0 1 1 1 1 0 1 1 1 1 0
0 0 0 0 0 0 0 0 0 0 0
0 0 0 0 0 0 0 0 0 0 0
0 0 0 0 0 0 0 0 0 0 0
0 1 1 1 1 1 1 1 1 1 0
0 0 0 0 0 0 0 0 0 0 0
2 2 2 2 2 2 2 2 2 2 2
2 2 2 2 2 2 2 2 2 2 2
0 0 0 0 1 0 0 0 0 0 0
0 0 0 0 1 0 0 0 0 0 0
0 0 0 0 1 0 0 0 0 1 1
0 0 0 2 1 0 0 0 0 1 1
0 0 0 2 1 0 0 0 0 0 0
0 0 0 2 1 0 0 0 0 0 0
0 0 0 2 0 0 0 0 0 0 1
0 0 0 2 0 0 0 0 0 0 1
0 0 0 0 0 0 0 0 0 0 0
0 0 0 0 2 0 2 0 0 0 0
0 0 0 0 2 0 2 0 0 0 0
0 0 0 0 2 0 2 0 0 0 0
0 0 0 0 1 0 1 0 0 0 0
0 0 0 0 1 0 1 0 0 0 0
0 0 0 0 0 0 0 0 0 0 0
1 1 1 1 0 0 1 1 1 1 1
0 0 0 0 0 0 0 0 0 0 0
0 0 0 0 0 0 0 0 0 0 0
0 0 0 0 0 0 0 0 0 0 0
0 0 0 0 0 0 0 0 0 0 0
33
114594
7 78 -2 5
0 93 0 0
0 0 0 0 0 0 0 0 0 0 0
0 0 0 0 1 0 0 0 0 0 0
0 1 0 1 0 0 0 0 0 0 0
1 1 0 0 0 0 0 0 0 0 0
0 0 0 0 0 1 0 0 1 0 0
0 0 0 0 0 0 0 0 0 0 0
2 2 2 2 2 2 2 2 2 2 2
0 0 0 1 0 0 1 0 1 1 1
1 1 0 0 0 1 1 1 1 0 1
0 0 0 0 0 0 0 0 0 0 0
1 0 0 0 1 1 0 0 1 0 0
0 1 0 0 0 1 0 0 0 0 0
0 0 0 0 1 0 0 0 0 0 1
0 0 0 0 0 0 0 0 0 0 0
2 2 2 2 2 2 0 2 2 2 2
2 2 2 2 2 2 2 2 2 2 2
2 2 2 2 0 2 0 2 2 2 2
0 0 0 0 0 0 0 0 0 2 1
0 0 0 0 1 1 0 0 0 2 0
0 0 0 0 1 1 0 0 0 0 0
0 0 0 0 1 2 0 0 0 0 0
0 0 0 0 1 2 0 0 0 0 0
0 0 0 0 0 2 0 0 0 0 0
0 0 0 0 0 2 0 0 0 0 0
0 0 0 0 0 2 0 0 0 0 0
0 0 0 0 0 2 0 0 0 0 0
0 0 0 0 0 0 0 0 0 0 0
0 0 0 0 0 0 0 0 2 0 1
0 0 0 0 2 0 0 0 2 0 1
0 0 0 0 2 0 0 1 2 0 1
0 0 0 0 2 0 0 1 2 0 0
0 0 0 0 0 0 1 1 2 0 0
0 0 0 0 0 0 1 1 2 1 0
0 0 0 0 0 0 1 1 2 1 0
0 0 0 0 0 0 1 1 2 1 0
0 0 0 0 0 0 0 0 0 0 0
1 0 1 0 0 0 0 1 1 1 0
0 0 0 1 0 1 0 0 0 0 1
0 0 0 0 0 0 0 0 0 0 0
2 2 2 2 2 2 2 2 2 2 2
2 2 2 2 2 2 2 2 2 2 2
1 0 0 0 0 1 0 0 1 1 1
0 0 0 0 0 0 0 0 0 0 0
2 2 0 0 2 2 2 0 0 2 2
0 2 2 2 0 2 0 2 2 2 0
2 2 0 2 2 2 2 2 0 2 2
2 2 2 2 2 2 2 2 2 2 2
0 0 1 1 1 1 1 1 1 0 0
0 0 0 0 0 0 0 0 0 0 0
0 0 1 1 1 1 1 1 1 1 1
0 0 0 0 0 0 0 0 0 0 0
1 1 1 0 0 0 0 0 0 0 2
1 1 0 0 0 0 0 0 0 0 2
1 2 0 0 0 0 0 0 0 0 0
0 2 0 0 0 0 0 1 1 1 1
0 0 1 0 0 0 2 1 1 1 1
2 0 1 0 0 0 2 0 0 1 0
2 1 1 1 0 0 2 0 0 0 0
0 0 1 0 1 1 2 0 0 0 0
0 0 0 0 0 0 0 0 0 0 0
0 0 0 0 0 0 0 0 0 0 0
0 0 0 0 0 0 0 0 0 0 0
0 0 0 0 0 0 0 0 0 0 0
0 0 0 0 0 0 0 0 0 0 0
0 1 1 1 1 0 1 1 1 1 0
0 1 1 1 1 0 1 1 1 1 0
0 0 0 0 0 0 0 0 0 0 0
0 0 0 0 0 0 0 0 0 0 0
0 0 0 0 0 0 0 0 0 0 0
0 1 1 1 1 1 1 1 1 1 0
0 0 0 0 0 0 0 0 0 0 0
2 2 2 2 2 2 2 2 2 2 2
2 2 2 2 2 2 2 2 2 2 2
0 0 0 0 1 0 0 0 0 0 0
0 0 0 0 1 0 0 0 0 0 0
0 0 0 0 1 0 0 0 0 1 1
0 0 0 2 1 0 0 0 0 1 1
0 0 0 2 1 0 0 0 0 0 0
0 0 0 2 1 0 0 0 0 0 0
0 0 0 2 0 0 0 0 0 0 1
0 0 0 2 0 0 0 0 0 0 1
0 0 0 0 0 0 0 0 0 0 0
0 0 0 0 2 0 2 0 0 0 0
0 0 0 0 2 0 2 0 0 0 0
0 0 0 0 2 0 2 0 0 0 0
0 0 0 0 1 0 1 0 0 0 0
0 0 0 0 1 0 1 0 0 0 0
0 0 0 0 0 0 0 0 0 0 0
1 1 1 1 0 0 1 1 1 1 1
0 0 0 0 0 0 0 0 0 0 0
0 0 0 0 0 0 0 0 0 0 0
0 0 0 0 0 0 0 0 0 0 0
0 0 0 0 0 0 0 0 0 0 0
34
114562
5 84 -2 6
0 93 0 0
0 0 0 0 0 0 0 0 0 0 0
0 0 0 0 1 0 0 0 0 0 0
0 1 0 1 0 0 0 0 0 0 0
1 1 0 0 0 0 0 0 0 0 0
0 0 0 0 0 1 0 0 1 0 0
0 0 0 0 0 0 0 0 0 0 0
2 2 2 2 2 2 2 2 2 2 2
0 0 0 1 0 0 1 0 1 1 1
1 1 0 0 0 1 1 1 1 0 1
0 0 0 0 0 0 0 0 0 0 0
1 0 0 0 1 1 0 0 1 0 0
0 1 0 0 0 1 0 0 0 0 0
0 0 0 0 1 0 0 0 0 0 1
0 0 0 0 0 0 0 0 0 0 0
2 2 2 2 2 2 0 2 2 2 2
2 2 2 2 2 2 2 2 2 2 2
2 2 2 2 0 2 0 2 2 2 2
0 0 0 0 0 0 0 0 0 2 1
0 0 0 0 1 1 0 0 0 2 0
0 0 0 0 1 1 0 0 0 0 0
0 0 0 0 1 2 0 0 0 0 0
0 0 0 0 1 2 0 0 0 0 0
0 0 0 0 0 2 0 0 0 0 0
0 0 0 0 0 2 0 0 0 0 0
0 0 0 0 0 2 0 0 0 0 0
0 0 0 0 0 2 0 0 0 0 0
0 0 0 0 0 0 0 0 0 0 0
0 0 0 0 0 0 0 0 2 0 1
0 0 0 0 2 0 0 0 2 0 1
0 0 0 0 2 0 0 1 2 0 1
0 0 0 0 2 0 0 1 2 0 0
0 0 0 0 0 0 1 1 2 0 0
0 0 0 0 0 0 1 1 2 1 0
0 0 0 0 0 0 1 1 2 1 0
0 0 0 0 0 0 1 1 2 1 0
0 0 0 0 0 0 0 0 0 0 0
1 0 1 0 0 0 0 1 1 1 0
0 0 0 1 0 1 0 0 0 0 1
0 0 0 0 0 0 0 0 0 0 0
2 2 2 2 2 2 2 2 2 2 2
2 2 2 2 2 2 2 2 2 2 2
1 0 0 0 0 1 0 0 1 1 1
0 0 0 0 0 0 0 0 0 0 0
2 2 0 0 2 2 2 0 0 2 2
0 2 2 2 0 2 0 2 2 2 0
2 2 0 2 2 2 2 2 0 2 2
2 2 2 2 2 2 2 2 2 2 2
0 0 1 1 1 1 1 1 1 0 0
0 0 0 0 0 0 0 0 0 0 0
0 0 1 1 1 1 1 1 1 1 1
0 0 0 0 0 0 0 0 0 0 0
1 1 1 0 0 0 0 0 0 0 2
1 1 0 0 0 0 0 0 0 0 2
1 2 0 0 0 0 0 0 0 0 0
0 2 0 0 0 0 0 1 1 1 1
0 0 1 0 0 0 2 1 1 1 1
2 0 1 0 0 0 2 0 0 1 0
2 1 1 1 0 0 2 0 0 0 0
0 0 1 0 1 1 2 0 0 0 0
0 0 0 0 0 0 0 0 0 0 0
0 0 0 0 0 0 0 0 0 0 0
0 0 0 0 0 0 0 0 0 0 0
0 0 0 0 0 0 0 0 0 0 0
0 0 0 0 0 0 0 0 0 0 0
0 1 1 1 1 0 1 1 1 1 0
0 1 1 1 1 0 1 1 1 1 0
0 0 0 0 0 0 0 0 0 0 0
0 0 0 0 0 0 0 0 0 0 0
0 0 0 0 0 0 0 0 0 0 0
0 1 1 1 1 1 1 1 1 1 0
0 0 0 0 0 0 0 0 0 0 0
2 2 2 2 2 2 2 2 2 2 2
2 2 2 2 2 2 2 2 2 2 2
0 0 0 0 1 0 0 0 0 0 0
0 0 0 0 1 0 0 0 0 0 0
0 0 0 0 1 0 0 0 0 1 1
0 0 0 2 1 0 0 0 0 1 1
0 0 0 2 1 0 0 0 0 0 0
0 0 0 2 1 0 0 0 0 0 0
0 0 0 2 0 0 0 0 0 0 1
0 0 0 2 0 0 0 0 0 0 1
0 0 0 0 0 0 0 0 0 0 0
0 0 0 0 2 0 2 0 0 0 0
0 0 0 0 2 0 2 0 0 0 0
0 0 0 0 2 0 2 0 0 0 0
0 0 0 0 1 0 1 0 0 0 0
0 0 0 0 1 0 1 0 0 0 0
0 0 0 0 0 0 0 0 0 0 0
1 1 1 1 0 0 1 1 1 1 1
0 0 0 0 0 0 0 0 0 0 0
0 0 0 0 0 0 0 0 0 0 0
0 0 0 0 0 0 0 0 0 0 0
0 0 0 0 0 0 0 0 0 0 0
35
114556
4 91 -1 7
0 93 0 0
0 0 0 0 0 0 0 0 0 0 0
0 0 0 0 1 0 0 0 0 0 0
0 1 0 1 0 0 0 0 0 0 0
1 1 0 0 0 0 0 0 0 0 0
0 0 0 0 0 1 0 0 1 0 0
0 0 0 0 0 0 0 0 0 0 0
2 2 2 2 2 2 2 2 2 2 2
0 0 0 1 0 0 1 0 1 1 1
1 1 0 0 0 1 1 1 1 0 1
0 0 0 0 0 0 0 0 0 0 0
1 0 0 0 1 1 0 0 1 0 0
0 1 0 0 0 1 0 0 0 0 0
0 0 0 0 1 0 0 0 0 0 1
0 0 0 0 0 0 0 0 0 0 0
2 2 2 2 2 2 0 2 2 2 2
2 2 2 2 2 2 2 2 2 2 2
2 2 2 2 0 2 0 2 2 2 2
0 0 0 0 0 0 0 0 0 2 1
0 0 0 0 1 1 0 0 0 2 0
0 0 0 0 1 1 0 0 0 0 0
0 0 0 0 1 2 0 0 0 0 0
0 0 0 0 1 2 0 0 0 0 0
0 0 0 0 0 2 0 0 0 0 0
0 0 0 0 0 2 0 0 0 0 0
0 0 0 0 0 2 0 0 0 0 0
0 0 0 0 0 2 0 0 0 0 0
0 0 0 0 0 0 0 0 0 0 0
0 0 0 0 0 0 0 0 2 0 1
0 0 0 0 2 0 0 0 2 0 1
0 0 0 0 2 0 0 1 2 0 1
0 0 0 0 2 0 0 1 2 0 0
0 0 0 0 0 0 1 1 2 0 0
0 0 0 0 0 0 1 1 2 1 0
0 0 0 0 0 0 1 1 2 1 0
0 0 0 0 0 0 1 1 2 1 0
0 0 0 0 0 0 0 0 0 0 0
1 0 1 0 0 0 0 1 1 1 0
0 0 0 1 0 1 0 0 0 0 1
0 0 0 0 0 0 0 0 0 0 0
2 2 2 2 2 2 2 2 2 2 2
2 2 2 2 2 2 2 2 2 2 2
1 0 0 0 0 1 0 0 1 1 1
0 0 0 0 0 0 0 0 0 0 0
2 2 0 0 2 2 2 0 0 2 2
0 2 2 2 0 2 0 2 2 2 0
2 2 0 2 2 2 2 2 0 2 2
2 2 2 2 2 2 2 2 2 2 2
0 0 1 1 1 1 1 1 1 0 0
0 0 0 0 0 0 0 0 0 0 0
0 0 1 1 1 1 1 1 1 1 1
0 0 0 0 0 0 0 0 0 0 0
1 1 1 0 0 0 0 0 0 0 2
1 1 0 0 0 0 0 0 0 0 2
1 2 0 0 0 0 0 0 0 0 0
0 2 0 0 0 0 0 1 1 1 1
0 0 1 0 0 0 2 1 1 1 1
2 0 1 0 0 0 2 0 0 1 0
2 1 1 1 0 0 2 0 0 0 0
0 0 1 0 1 1 2 0 0 0 0
0 0 0 0 0 0 0 0 0 0 0
0 0 0 0 0 0 0 0 0 0 0
0 0 0 0 0 0 0 0 0 0 0
0 0 0 0 0 0 0 0 0 0 0
0 0 0 0 0 0 0 0 0 0 0
0 1 1 1 1 0 1 1 1 1 0
0 1 1 1 1 0 1 1 1 1 0
0 0 0 0 0 0 0 0 0 0 0
0 0 0 0 0 0 0 0 0 0 0
0 0 0 0 0 0 0 0 0 0 0
0 1 1 1 1 1 1 1 1 1 0
0 0 0 0 0 0 0 0 0 0 0
2 2 2 2 2 2 2 2 2 2 2
2 2 2 2 2 2 2 2 2 2 2
0 0 0 0 1 0 0 0 0 0 0
0 0 0 0 1 0 0 0 0 0 0
0 0 0 0 1 0 0 0 0 1 1
0 0 0 2 1 0 0 0 0 1 1
0 0 0 2 1 0 0 0 0 0 0
0 0 0 2 1 0 0 0 0 0 0
0 0 0 2 0 0 0 0 0 0 1
0 0 0 2 0 0 0 0 0 0 1
0 0 0 0 0 0 0 0 0 0 0
0 0 0 0 2 0 2 0 0 0 0
0 0 0 0 2 0 2 0 0 0 0
0 0 0 0 2 0 2 0 0 0 0
0 0 0 0 1 0 1 0 0 0 0
0 0 0 0 1 0 1 0 0 0 0
0 0 0 0 0 0 0 0 0 0 0
1 1 1 1 0 0 1 1 1 1 1
0 0 0 0 0 0 0 0 0 0 0
0 0 0 0 0 0 0 0 0 0 0
0 0 0 0 0 0 0 0 0 0 0
0 0 0 0 0 0 0 0 0 0 0
